CUTE-1 (CO-55)          
1 27844U 03031E   15119.51459097  .00000304  00000-0  15810-3 0  9994
2 27844  98.6962 128.7350 0010951  82.8214  70.5278 14.21777832613522
CUBESAT XI-IV (CO-57)   
1 27848U 03031J   15120.50737919  .00000238  00000-0  12873-3 0  9993
2 27848  98.7059 129.5961 0010863  86.9609  64.7003 14.21428506613573
CUBESAT XI-V (CO-58)    
1 28895U 05043F   15120.51424301  .00000857  00000-0  17648-3 0  9992
2 28895  97.8223 310.7790 0018534  88.2093 272.1232 14.62710523506622
NTS (CANX-6)            
1 32784U 08021B   15120.44551876  .00001235  00000-0  14885-3 0  9994
2 32784  97.6530 163.2317 0013636 222.0699 252.7818 14.85487890378979
CUTE-1.7+APD II (CO-65) 
1 32785U 08021C   15120.19848288  .00001534  00000-0  17817-3 0  9993
2 32785  97.6540 165.5207 0012539 219.6934 216.3961 14.86721650379106
COMPASS-1               
1 32787U 08021E   15120.41216521  .00003195  00000-0  33282-3 0  9998
2 32787  97.6563 169.5463 0012746 204.9969 155.0633 14.90440753379399
AAUSAT-II               
1 32788U 08021F   15119.43274957  .00003623  00000-0  36735-3 0  9998
2 32788  97.6576 170.0282 0012105 204.8101 155.2537 14.91446819379335
DELFI-C3 (DO-64)        
1 32789U 08021G   15120.14166212  .00006806  00000-0  56273-3 0  9998
2 32789  97.6805 180.9143 0010696 176.3843 236.0365 14.99201809379889
CANX-2                  
1 32790U 08021H   15120.12169804  .00001523  00000-0  17770-3 0  9998
2 32790  97.6495 164.4568 0013166 221.3520 195.4886 14.86536087379052
SEEDS II (CO-66)        
1 32791U 08021J   15120.09956186  .00001996  00000-0  21996-3 0  9991
2 32791  97.6558 167.2325 0013217 212.9382 147.1013 14.88557776379162
SWISSCUBE               
1 35932U 09051B   15120.32003393  .00000943  00000-0  22824-3 0  9996
2 35932  98.4022 238.7491 0008922 123.4819 236.7232 14.55328396297001
BEESAT                  
1 35933U 09051C   15120.31763678  .00000821  00000-0  19924-3 0  9997
2 35933  98.4031 239.6426 0006910 133.8363 226.3406 14.55527838297093
ITUPSAT 1               
1 35935U 09051E   15119.81667899  .00000785  00000-0  19393-3 0  9999
2 35935  98.4135 239.3806 0009324 127.8360 232.3681 14.54770919296899
TISAT 1                 
1 36799U 10035E   15120.49348161  .00002580  00000-0  28517-3 0  9999
2 36799  98.0132 220.3305 0012897   9.7813 121.4208 14.88248367259868
M-CUBED & EXP-1 PRIME   
1 37855U 11061F   15120.45753236  .00008238  00000-0  49680-3 0  9992
2 37855 101.7179 310.0233 0198152 212.6470 146.2361 14.96282473190016
AAUSAT3                 
1 39087U 13009B   15120.77324798  .00000848  00000-0  31259-3 0  9999
2 39087  98.6069 319.3437 0013711  88.8356 271.4376 14.35067544113855
STRAND-1                
1 39090U 13009E   15119.76817930  .00000210  00000-0  89620-4 0  9994
2 39090  98.6121 318.8299 0010412  89.3838 270.8540 14.34772737113700
BRITE-AUSTRIA           
1 39091U 13009F   15120.10401737  .00000154  00000-0  69716-4 0  9990
2 39091  98.6067 318.8539 0011714  96.1390 264.1130 14.34870254113773
UNIBRITE                
1 39092U 13009G   15120.17396429  .00000148  00000-0  67981-4 0  9994
2 39092  98.6068 318.7382 0010599  89.5326 270.7074 14.34743360113772
AIST-2                  
1 39133U 13015D   15120.72569412  .00002852  00000-0  22198-3 0  9996
2 39133  64.8765 223.5801 0036086 248.2402 111.4854 15.02832809111255
SOMP                    
1 39134U 13015E   15120.65618323  .00009699  00000-0  56154-3 0  9990
2 39134  64.8750 209.5228 0032636 256.3851 103.4141 15.11530726111514
BEESAT-2                
1 39136U 13015G   15120.66186456  .00004135  00000-0  24952-3 0  9991
2 39136  64.8738 211.5289 0033541 257.7502 102.0365 15.10011078111488
NEE-01 PEGASUS          
1 39151U 13018B   15120.45950504  .00001236  00000-0  17497-3 0  9996
2 39151  98.0172 204.7881 0018464  51.2511 309.0346 14.78774685108412
CUBEBUG-1 (CAPITAN BETO)
1 39153U 13018D   15120.46166268  .00001427  00000-0  19939-3 0  9990
2 39153  98.0175 204.9655 0018307  50.9657 309.3180 14.79097795108422
ESTCUBE 1               
1 39161U 13021C   15120.79404952  .00001807  00000-0  30198-3 0  9996
2 39161  98.0712 204.1383 0010956 103.2040 257.0343 14.71066534106278
POPACS 1                
1 39268U 13055D   15120.20994815  .00017551  00000-0  55248-3 0  9995
2 39268  81.0080  93.9487 0704537 324.9808  30.6881 14.17915316 81224
POPACS 2                
1 39269U 13055E   15120.63504657  .00011887  00000-0  37196-3 0  9992
2 39269  81.0180  96.2469 0736820 332.2413  24.1172 14.11232523 81100
POPACS 3                
1 39270U 13055F   15120.26749561  .00010731  00000-0  35247-3 0  9990
2 39270  81.0003  98.0535 0750751 337.9953  19.0475 14.07231139 80958
PHONESAT 2.4            
1 39381U 13064B   15119.15935223  .00026014  00000-0  61053-3 0  9996
2 39381  40.5000  36.8866 0013302 276.5975  83.3830 15.41071938 80396
ORSES                   
1 39386U 13064G   15120.76589216  .00038686  00000-0  67440-3 0  9991
2 39386  40.4963  14.4220 0014699 284.6034  75.3658 15.49697087 80475
PROMETHEUS 1-4          
1 39390U 13064L   15120.09811266  .00053749  00000-0  87972-3 0  9994
2 39390  40.4968  16.3404 0015829 283.5695  76.3361 15.51471852 79874
PROMETHEUS 1-2          
1 39391U 13064M   15120.09335548  .00050484  00000-0  82238-3 0  9992
2 39391  40.4969  16.3055 0015817 283.8225  76.0835 15.51624434 78639
PROMETHEUS 1-5          
1 39393U 13064P   15120.10225073  .00053241  00000-0  83730-3 0  9999
2 39393  40.5158  15.3888 0016106 290.2086  69.7002 15.52579313 79850
PROMETHEUS 1-6          
1 39394U 13064Q   15120.07567688  .00050037  00000-0  81377-3 0  9992
2 39394  40.5139  16.9283 0016261 288.3916  71.5135 15.51665640 79809
FIREFLY                 
1 39404U 13064AA  15119.17098474  .00020674  00000-0  52430-3 0  9997
2 39404  40.5146  40.4509 0009874 267.0155  92.9530 15.39116087 79799
VERMONT LUNAR           
1 39407U 13064AD  15120.14419910  .00056486  00000-0  87424-3 0  9992
2 39407  40.5186  14.9683 0015783 285.1450  74.7624 15.53007342 78497
PROMETHEUS 1-3          
1 39408U 13064AE  15120.12736112  .00053354  00000-0  86366-3 0  9992
2 39408  40.4974  15.6984 0015586 285.3507  74.5590 15.51786445 80590
ZACUBE-1 (TSHEPISOSAT)  
1 39417U 13066B   15120.18380540  .00001289  00000-0  17422-3 0  9997
2 39417  97.7340 184.4956 0059213 293.3920  66.1071 14.79559090 77533
WNISAT-1                
1 39423U 13066H   15120.78179792  .00000826  00000-0  17498-3 0  9994
2 39423  97.7077 163.0474 0177143 352.0301   7.8077 14.52364057 76225
CINEMA-2 (KHUSAT-2)     
1 39424U 13066J   15120.39980437  .00000832  00000-0  13372-3 0  9992
2 39424  97.7250 178.0636 0093010 309.0212  50.2742 14.71349530 77141
CINEMA-3 (KHUSAT-2)     
1 39426U 13066L   15119.72151549  .00000684  00000-0  11693-3 0  9992
2 39426  97.7207 175.1349 0104898 317.3490  41.9605 14.68498854 76909
TRITON-1                
1 39427U 13066M   15119.76873333  .00000881  00000-0  15250-3 0  9991
2 39427  97.7200 173.3579 0114983 322.3021  37.0166 14.66535592 76761
GOMX 1                  
1 39430U 13066Q   15120.78909596  .00001605  00000-0  30623-3 0  9996
2 39430  97.7138 167.3118 0153917 339.6650  19.8446 14.57960532 76479
BRITE-PL                
1 39431U 13066R   15120.32595895  .00000481  00000-0  11363-3 0  9991
2 39431  97.7043 157.9921 0203734   7.6712 352.7518 14.46454118 75841
HUMSAT-D                
1 39433U 13066T   15119.48170759  .00003459  00000-0  36905-3 0  9993
2 39433  97.7432 190.9482 0031122 282.7791  76.9949 14.89138232 77867
EAGLE 2                 
1 39436U 13066W   15120.14975136  .00022428  00000-0  15925-2 0  9998
2 39436  97.7487 196.0897 0022706 262.7149  97.1496 15.04520645 78268
VELOX-PII               
1 39438U 13066Y   15120.42056048  .00000999  00000-0  14471-3 0  9998
2 39438  97.7309 182.3910 0070853 298.0258  61.3797 14.76588958 77418
CUBEBUG-2 (LO-74)       
1 39440U 13066AA  15119.74813915  .00001192  00000-0  17809-3 0  9992
2 39440  97.7289 179.8211 0080964 304.9211  54.4409 14.74390807 77193
NEE-02 KRYSAOR          
1 39441U 13066AB  15120.11664192  .00000834  00000-0  12847-3 0  9996
2 39441  97.7277 179.9096 0081994 304.4777  54.8705 14.73833811 77198
FUNCUBE-1 (AO-73)       
1 39444U 13066AE  15119.75893208  .00001681  00000-0  22259-3 0  9998
2 39444  97.7345 184.2880 0058615 294.0854  65.4234 14.80052836 76250
UWE-3                   
1 39446U 13066AG  15120.16672354  .00001179  00000-0  16839-3 0  9993
2 39446  97.7310 182.2579 0070490 298.4414  60.9706 14.76883857 76166
BRITE-TORONTO           
1 40020U 14033L   15120.64844684  .00000814  00000-0  14959-3 0  9994
2 40020  97.9395  10.4513 0087275 280.2005  78.9327 14.65936225 46010
DUCHIFAT-1              
1 40021U 14033M   15120.42754977  .00004087  00000-0  45321-3 0  9999
2 40021  97.9578  20.8779 0013673 348.3378  11.7462 14.87774178 46705
NANOSATC-BR1            
1 40024U 14033Q   15120.47207112  .00003324  00000-0  37336-3 0  9991
2 40024  97.9546  20.7524 0012729 348.3780  11.7125 14.87390373 46705
QB50P1                  
1 40025U 14033R   15120.77864270  .00002832  00000-0  32220-3 0  9999
2 40025  97.9561  20.9689 0012911 346.7240  13.3607 14.86978376 46755
FLOCK 1C-7              
1 40026U 14033S   15120.68116532  .00001812  00000-0  20747-3 0  9999
2 40026  97.9635  21.1694 0012233 348.4632  11.6309 14.87190614 46749
FLOCK 1C-1              
1 40027U 14033T   15120.76580708  .00002149  00000-0  24436-3 0  9992
2 40027  97.9611  21.2087 0012987 345.8825  14.2018 14.87268652 46757
POPSAT-HIP-1            
1 40028U 14033U   15120.81245454  .00002571  00000-0  29408-3 0  9998
2 40028  97.9592  21.0680 0014347 344.0247  16.0455 14.86832614 46742
FLOCK 1C-2              
1 40029U 14033V   15120.78023048  .00001975  00000-0  22523-3 0  9996
2 40029  97.9628  21.1791 0014430 341.9628  18.1039 14.87216238 46749
FLOCK 1C-4              
1 40031U 14033X   15120.77523230  .00001748  00000-0  19997-3 0  9995
2 40031  97.9636  21.1926 0014667 340.2233  19.8396 14.87253120 46731
QB50P2                  
1 40032U 14033Y   15120.66377002  .00002415  00000-0  27877-3 0  9996
2 40032  97.9560  20.6449 0011947 341.5211  18.5496 14.86535085 46728
FLOCK 1C-11             
1 40033U 14033Z   15120.78624854  .00005601  00000-0  62533-3 0  9998
2 40033  97.9636  21.2121 0012282 339.3780  20.6908 14.87345471 46750
ANTELSAT                
1 40034U 14033AA  15120.75196083  .00001958  00000-0  30757-3 0  9998
2 40034  97.9481  13.8310 0058902 272.1614  87.2825 14.72590656 46315
FLOCK 1C-9              
1 40035U 14033AB  15120.66121365  .00001296  00000-0  14989-3 0  9994
2 40035  97.9623  21.1115 0012009 336.5982  23.4691 14.87262684 46721
FLOCK 1C-6              
1 40036U 14033AC  15120.66810347  .00001931  00000-0  21989-3 0  9994
2 40036  97.9637  21.1323 0011776 335.0344  25.0191 14.87336807 46737
PERSEUS-M2              
1 40037U 14033AD  15120.77489752  .00001369  00000-0  16459-3 0  9990
2 40037  97.9605  20.6974 0014455 338.4422  21.6173 14.85537371 46717
FLOCK 1C-5              
1 40038U 14033AE  15120.68541968  .00004821  00000-0  53851-3 0  9992
2 40038  97.9656  21.0714 0014279 335.7516  24.2918 14.87376246 46720
PERSEUS-M1              
1 40039U 14033AF  15120.78248639  .00001393  00000-0  16886-3 0  9991
2 40039  97.9634  20.5976 0014204 332.9481  27.0971 14.85175247 46714
FLOCK 1C-8              
1 40040U 14033AG  15120.79783700  .00004979  00000-0  54900-3 0  9999
2 40040  97.9644  21.2805 0013151 329.9762  30.0695 14.87904397 46742
FLOCK 1C-3              
1 40041U 14033AH  15120.76160136  .00002376  00000-0  26991-3 0  9997
2 40041  97.9651  21.1674 0013209 332.1920  27.8587 14.87195615 46738
POLYITAN-1              
1 40042U 14033AJ  15120.76783220  .00003343  00000-0  38543-3 0  9994
2 40042  97.9622  20.8170 0015085 330.6844  29.3497 14.86282720 46714
TIGRISAT                
1 40043U 14033AK  15120.64956218  .00001483  00000-0  23152-3 0  9994
2 40043  97.9458  14.0547 0059850 276.0035  83.4282 14.73177476 46178
LEMUR-1                 
1 40044U 14033AL  15120.74093620  .00001283  00000-0  20226-3 0  9992
2 40044  97.9481  14.1044 0058943 275.7974  83.6346 14.73022834 46190
AEROCUBE 6A             
1 40045U 14033AM  15120.75723198  .00003115  00000-0  47771-3 0  9994
2 40045  97.9500  14.0045 0058340 272.1898  87.2611 14.73216875 46049
AEROCUBE 6B             
1 40046U 14033AN  15120.75735463  .00002769  00000-0  42559-3 0  9996
2 40046  97.9499  13.9919 0058002 271.8485  87.6063 14.73220124 46179
UKUBE-1                 
1 40074U 14037F   15120.77047380  .00002895  00000-0  37202-3 0  9996
2 40074  98.3611 190.8622 0005714  48.3575 311.8090 14.82006135 43810
BRITE-PL 2              
1 40119U 14049B   15120.02264336  .00000955  00000-0  12286-3 0  9999
2 40119  97.9908 196.7682 0019142 107.6158 252.7126 14.83366050 37622
FIREBIRD 4              
1 40378U 15003C   15120.84039604  .00015036  00000-0  75444-3 0  9996
2 40378  99.1207 145.5713 0161689  48.7173 312.7757 15.06672145 13428
GRIFEX                  
1 40379U 15003D   15120.79128319  .00012520  00000-0  63767-3 0  9993
2 40379  99.1265 145.4822 0162336  50.1765 311.3538 15.06158144 13416
EXOCUBE                 
1 40380U 15003E   15120.67664679  .00010147  00000-0  52543-3 0  9999
2 40380  99.1263 145.3277 0162815  49.8404 311.6933 15.05627522 13395
AESP 14                 
1 40389U 98067FM  15120.54905318  .00694665  21094-3  18397-2 0  9993
2 40389  51.6487 313.8401 0015450 246.1309 146.1739 15.93869806 18710
FLOCK 1B-27             
1 40422U 98067FN  15120.81179506  .00056793  00000-0  57137-3 0  9994
2 40422  51.6410 318.5046 0006737 269.5808 162.1110 15.64845618 18659
FLOCK 1B-28             
1 40423U 98067FP  15120.83786381  .00056430  00000-0  57829-3 0  9998
2 40423  51.6442 318.5736 0006034 262.8500 221.6420 15.64387374 18651
FLOCK 1B-21             
1 40427U 98067FQ  15120.74874961  .00059017  00000-0  58542-3 0  9991
2 40427  51.6454 318.7879 0006859 250.0711 210.3004 15.65184126 18672
FLOCK 1B-22             
1 40428U 98067FR  15120.91428073  .00067777  00000-0  69847-3 0  9992
2 40428  51.6452 318.3033 0007668 244.3425 254.7546 15.64156078 18695
FLOCK 1B-10             
1 40429U 98067FS  15120.70883084  .00067593  00000-0  71105-3 0  9993
2 40429  51.6451 319.3685 0007436 291.4982 116.3704 15.63637090 18633
FLOCK 1B-9              
1 40430U 98067FT  15120.73884478  .00117638  00000-0  10424-2 0  9998
2 40430  51.6435 318.7182 0011247 264.8013 192.5431 15.67643297 18640
FLOCK 1D-1              
1 40451U 98067FU  15120.69850370  .00046709  00000-0  49234-3 0  9992
2 40451  51.6456 319.3112 0008274 272.5387 133.8066 15.63734842 18647
FLOCK 1D-2              
1 40452U 98067FV  15120.77020821  .00032996  00000-0  39428-3 0  9999
2 40452  51.6464 319.6664 0008386 281.2356 188.0347 15.60662089 18643
FLOCK 1B-5              
1 40453U 98067FW  15120.74842478  .00058272  00000-0  65186-3 0  9992
2 40453  51.6441 319.6187 0008436 283.0224 135.1607 15.62114174 18639
FLOCK 1B-6              
1 40454U 98067FX  15120.70300318  .00072840  00000-0  75232-3 0  9991
2 40454  51.6453 319.3436 0008957 268.6344 138.1407 15.64056970 18639
GEARRS-1                
1 40456U 98067FZ  15119.85129138  .00064072  00000-0  70308-3 0  9993
2 40456  51.6486 324.0457 0008877 240.6282 222.6541 15.62565600 18513
MICROMAS                
1 40457U 98067GA  15120.73107652  .00118678  00000-0  10677-2 0  9994
2 40457  51.6422 318.7592 0010251 273.5718 139.2979 15.67279460 18645
LAMBDASAT               
1 40458U 98067GB  15120.59817252  .00503963  00000-0  21317-2 0  9991
2 40458  51.6411 317.1336 0014814 267.9928 132.5693 15.83355712 18655
FLOCK 1B-11             
1 40459U 98067GC  15119.82552815  .00073001  00000-0  75174-3 0  9993
2 40459  51.6463 323.8861 0007569 259.1019 191.1824 15.64145625 18514
FLOCK 1B-12             
1 40460U 98067GD  15120.55039385  .00066384  00000-0  73082-3 0  9991
2 40460  51.6440 320.6151 0007826 260.9506 126.8587 15.62477470 18622
