GOES 3                  
1 10953U 78062A   15120.26492606 -.00000092  00000-0  00000+0 0  9996
2 10953  14.1895 339.6825 0004762 142.6154  81.7375  1.00273129 88154
TDRS 3                  
1 19548U 88091B   15119.37694698 -.00000303  00000-0  00000+0 0  9998
2 19548  14.5989  16.5515 0037803 306.1427 327.5267  1.00265699 84598
LEASAT 5                
1 20410U 90002B   15120.74245392 -.00000079  00000-0  00000+0 0  9999
2 20410  11.2039  18.5110 0002211 200.9682 338.1622  1.00272989 77922
SKYNET 4C               
1 20776U 90079A   15119.25938941 -.00000038  00000-0  00000+0 0  9996
2 20776  13.2973  24.2718 0002466  19.7004 265.1058  1.00273927 90166
TDRS 5                  
1 21639U 91054B   15120.60379150  .00000089  00000-0  00000+0 0  9996
2 21639  13.6919  30.0355 0020616 335.4496 262.3737  1.00276745 86957
TDRS 6                  
1 22314U 93003B   15117.44400212 -.00000298  00000-0  00000+0 0  9998
2 22314  13.1555  32.9039 0004931 330.4074 325.3884  1.00264129 81588
INTELSAT 701 (IS-701)   
1 22871U 93066A   15118.36981154 -.00000227  00000-0  00000+0 0  9998
2 22871   2.6978  71.3917 0004146 325.5512 282.6920  1.00271325 78612
NATO 4B                 
1 22921U 93076A   15119.82217909  .00000131  00000-0  00000+0 0  9990
2 22921  11.5622  30.8038 0003235 356.4727 158.5483  1.00270788 78343
INTELSAT 702 (IS-702)   
1 23124U 94034A   15119.97820392  .00000146  00000-0  10000-3 0  9994
2 23124   3.0435  69.8566 0002344 303.6718 229.1307  1.00271648 90608
OPTUS B3                
1 23227U 94055A   15120.60056799 -.00000082  00000-0  00000+0 0  9990
2 23227   6.1139  56.3933 0003573 332.4414 209.7662  1.00273169 75672
ASTRA 1D                
1 23331U 94070A   15119.73802551  .00000000  00000-0  10000-3 0  9994
2 23331   6.2990  55.5251 0004784 347.6802  12.2315  1.00267379 75445
BRASILSAT B2            
1 23536U 95016A   15119.31917309 -.00000292  00000-0  00000+0 0  9993
2 23536   5.9204  57.3124 0003057 352.1893 219.1473  1.00271770 73584
AMSC 1                  
1 23553U 95019A   15120.39153172 -.00000114  00000-0  00000+0 0  9998
2 23553   8.9832  47.3120 0004178   3.7852 204.5620  1.00273417 73422
TDRS 7                  
1 23613U 95035B   15120.22556049  .00000000  00000-0  10000-3 0  9993
2 23613  14.4804  23.7005 0023919  13.6702 346.3473  1.00264350 72402
ASTRA 1E                
1 23686U 95055A   15120.08761516  .00000128  00000-0  00000+0 0  9992
2 23686   3.9953  65.6574 0003914 323.4814 243.8318  1.00274378 71415
ECHOSTAR 1              
1 23754U 95073A   15120.39313174 -.00000250  00000-0  10000-3 0  9997
2 23754   0.0497  79.1337 0003371 303.0808 260.1856  1.00271572 70672
ABS-1A                  
1 23768U 96003A   15120.35783611  .00000000  00000-0  10000-3 0  9991
2 23768   6.9746  53.6308 0004293  12.7192 347.2098  1.00268257 70635
INMARSAT 3-F1           
1 23839U 96020A   15120.03320902  .00000002  00000-0  00000+0 0  9991
2 23839   2.4859  71.1921 0005394 323.1751 259.7654  1.00274824 69842
ASTRA 1F                
1 23842U 96021A   15120.81946527  .00000131  00000-0  00000+0 0  9992
2 23842   0.0564  51.5695 0003870 352.8941 153.4452  1.00272756 69725
MSAT M1                 
1 23846U 96022A   15119.40786439 -.00000092  00000-0  00000+0 0  9991
2 23846   6.4898  55.1865 0004181 313.0542 249.0772  1.00271697 69674
PALAPA C2               
1 23864U 96030A   15120.46521478 -.00000242  00000-0  10000-3 0  9990
2 23864   4.1376  64.2211 0001264 311.8266 155.5680  1.00273042 69411
INMARSAT 3-F2           
1 24307U 96053A   15120.21816868 -.00000131  00000-0  00000+0 0  9993
2 24307   1.0456  81.6758 0006318 309.4360 249.7716  1.00271636 68255
AMC-1 (GE-1)            
1 24315U 96054A   15119.35702337 -.00000113  00000-0  00000+0 0  9991
2 24315   0.0530  67.7445 0002173 352.7268 182.0385  1.00272305 68241
AFRICASAT-2 (MEASAT-2)  
1 24653U 96063B   15120.13915446  .00000000  00000-0  10000-3 0  9990
2 24653   6.2147  55.9823 0003287 153.3308 206.6064  1.00270305 67596
EUTELSAT 48A            
1 24665U 96067A   15120.81957199  .00000114  00000-0  10000-3 0  9999
2 24665   5.0014  60.7164 0004257  10.7248 130.3152  1.00274654 67916
INMARSAT 3-F3           
1 24674U 96070A   15118.29668772  .00000026  00000-0  00000+0 0  9995
2 24674   1.8897  75.6896 0005182 322.8518 102.3221  1.00271081 67198
AMC-2 (GE-2)            
1 24713U 97002A   15120.32311211 -.00000234  00000-0  00000+0 0  9997
2 24713   2.8612  70.3038 0006144 313.4168 229.7088  1.00274040 17585
INTELSAT 26 (IS-26)     
1 24732U 97007A   15120.36758637  .00000000  00000-0  10000-3 0  9999
2 24732   6.1815  56.2112 0004403   3.7044 356.2173  1.00271566 66543
GALAXY 25 (G-25)        
1 24812U 97026A   15118.41427617 -.00000177  00000-0  00000+0 0  9994
2 24812   0.0650  78.4019 0002767 308.6433 245.0669  1.00272311 65569
INMARSAT 3-F4           
1 24819U 97027A   15120.31153789 -.00000294  00000-0  00000+0 0  9990
2 24819   4.3732  62.4882 0005294 317.5337 255.9875  1.00267312 65615
SUPERBIRD-A3            
1 24880U 97036A   15119.63730844 -.00000140  00000-0  00000+0 0  9994
2 24880   5.3241  59.4166 0002831 314.5617 230.7245  1.00272245 64962
ABS-3                   
1 24901U 97042A   15120.81826083 -.00000033  00000-0  00000+0 0  9999
2 24901   3.4311  68.1857 0003214 323.7909 118.0446  1.00273551 64770
INTELSAT 5 (IS-5)       
1 24916U 97046A   15120.16745868  .00000000  00000-0  10000-3 0  9996
2 24916   2.0122  75.0500 0005269 325.0917  34.9137  1.00267494 64861
METEOSAT-7              
1 24932U 97049B   15119.89162368  .00000050  00000-0  00000+0 0  9993
2 24932   9.6055  44.7934 0000641 300.5331 250.8623  1.00268575 64655
AMC-3 (GE-3)            
1 24936U 97050A   15120.20700106  .00000174  00000-0  10000-3 0  9996
2 24936   0.0315 210.9567 0000825  94.2522 280.1342  1.00268562 64688
NSS-5                   
1 24957U 97053A   15120.81962536  .00000105  00000-0  00000+0 0  9995
2 24957   2.3207  73.4210 0003227 314.5096 176.0600  1.00271871 64470
ECHOSTAR 3              
1 25004U 97059A   15120.49001809 -.00000290  00000-0  10000-3 0  9997
2 25004   0.5599  82.2785 0001479 292.4488 317.9866  1.00272218 64374
JCSAT-1B                
1 25067U 97075A   15120.15651714  .00000000  00000-0  10000-3 0  9991
2 25067   4.1564  64.0810 0002889 357.5268   2.4083  1.00265248 63783
ASTRA 1G                
1 25071U 97076A   15120.03309869  .00000041  00000-0  00000+0 0  9995
2 25071   0.7424  79.2903 0003350 317.7431 252.3747  1.00271543 63766
BRASILSAT B3            
1 25152U 98006A   15119.40377999 -.00000180  00000-0  00000+0 0  9992
2 25152   2.5295  72.8744 0003357 307.8672 249.6637  1.00273815 63163
INMARSAT 3-F5           
1 25153U 98006B   15120.05311301  .00000131  00000-0  00000+0 0  9996
2 25153   1.0334  72.3742 0004058 319.3065 229.7043  1.00273280 63153
EUTELSAT 16B            
1 25237U 98013A   15119.47387855 -.00000040  00000-0  00000+0 0  9998
2 25237   2.8404  70.7342 0004178 350.0233   9.9466  0.98275926 63188
NSS-806                 
1 25239U 98014A   15118.34658505 -.00000293  00000-0  00000+0 0  9999
2 25239   0.0598  44.3913 0004306 352.6615 256.1960  1.00270477 62881
CHINASAT 5A (ZX 5A)     
1 25354U 98033A   15117.85941053 -.00000281  00000-0  00000+0 0  9993
2 25354   0.0291  95.0436 0002204 300.8396 271.0356  1.00273427 66458
THOR III                
1 25358U 98035A   15120.81823035 -.00000044  00000-0  00000+0 0  9995
2 25358   4.0507  64.1869 0002356 328.1928 116.3085  1.00273403 61959
INTELSAT 805 (IS-805)   
1 25371U 98037A   15119.97570760  .00000000  00000-0  10000-3 0  9997
2 25371   0.0343 113.6593 0000660 266.1904 133.4580  1.00264384 61793
ASTRA 2A                
1 25462U 98050A   15119.98572706  .00000140  00000-0  00000+0 0  9996
2 25462   0.0499 114.5348 0003453 339.8520 146.2506  1.00272331 61015
INTELSAT 7 (IS-7)       
1 25473U 98052A   15120.28978187 -.00000150  00000-0  00000+0 0  9990
2 25473   1.5939  78.1201 0001475 325.3368 260.5730  1.00271430 60878
SIRIUS 3                
1 25492U 98056B   15119.03654777  .00000095  00000-0  00000+0 0  9999
2 25492   5.1381  60.0570 0001157 292.3829 288.5735  1.00272534 60715
AFRISTAR                
1 25515U 98063A   15120.53231354  .00000000  00000-0  10000-3 0  9993
2 25515   1.7884  70.8604 0005378 329.8710  30.0877  1.00273203 60106
INTELSAT 8 (IS-8)       
1 25522U 98065A   15117.60828435 -.00000047  00000-0  00000+0 0  9996
2 25522   0.0055 229.5934 0001854 171.6383 201.9889  1.00272414 60351
EUTELSAT 115 WEST A     
1 25558U 98070A   15120.55025784 -.00000033  00000-0  10000-3 0  9995
2 25558   1.6010  77.6351 0003885 314.7058 269.0092  1.00273717 60277
JCSAT-4A                
1 25630U 99006A   15119.06665416 -.00000166  00000-0  10000-3 0  9999
2 25630   0.7016  83.9355 0001615 307.3277 291.3700  1.00272013 59212
SKYNET 4E               
1 25639U 99009B   15119.12818435  .00000021  00000-0  10000-3 0  9998
2 25639   9.2997  35.0333 0003073 345.9713 248.0640  1.00274899 59249
ASIASAT 3S              
1 25657U 99013A   15118.82689082 -.00000375  00000-0  00000+0 0  9991
2 25657   0.9238  82.0253 0001479 295.2826 255.0864  1.00273269 59031
ASTRA 1H                
1 25785U 99033A   15120.42679784 -.00000279  00000-0  00000+0 0  9995
2 25785   2.3048  73.6164 0001662 258.2219 332.2454  1.00270029 58015
TELKOM 1                
1 25880U 99042A   15120.46430765 -.00000352  00000-0  00000+0 0  9991
2 25880   0.0438  87.9479 0001696 324.3567  80.9550  1.00271671 57594
ABS-7                   
1 25894U 99046A   15119.76581966 -.00000372  00000-0  10000-3 0  9998
2 25894   0.0421  88.3298 0002109 307.8915 212.9790  1.00270830 56383
GALAXY 27 (G-27)        
1 25922U 99052A   15117.82809001 -.00000019  00000-0  00000+0 0  9998
2 25922   1.6698  76.9717 0006917 341.3633 161.4594  1.00272948 57099
ABS-6                   
1 25924U 99053A   15120.19438446  .00000000  00000-0  10000-3 0  9990
2 25924   0.0593  79.2816 0002718 341.8252  25.6870  1.00268166 57142
TELSTAR 12 (ORION 2)    
1 25949U 99059A   15118.84131061 -.00000132  00000-0  00000+0 0  9997
2 25949   0.0275  74.9268 0002763 316.8458 112.5844  1.00272031 56781
AMC-4 (GE-4)            
1 25954U 99060A   15119.76398424  .00000000  00000-0  10000-3 0  9993
2 25954   0.0651  65.2994 0001915   7.2183 352.8559  1.00265324 56642
GALAXY 11 (G-11)        
1 26038U 99071A   15119.29049356 -.00000297  00000-0  10000-3 0  9993
2 26038   0.0709 275.4085 0001153  80.1220 270.3894  1.00271757 56320
HISPASAT 1C             
1 26071U 00007A   15119.32325017 -.00000223  00000-0  00000+0 0  9990
2 26071   0.0512  59.9102 0002704 332.1191 217.4660  1.00272105 55852
SUPERBIRD-B2            
1 26095U 00012A   15119.63008700 -.00000103  00000-0  00000+0 0  9990
2 26095   0.0045 207.3168 0002131 197.6104 201.1556  1.00272424 55681
EXPRESS-A2              
1 26098U 00013A   15120.39506784 -.00000255  00000-0  10000-3 0  9997
2 26098   7.7831  50.8875 0013785 102.8502 351.3896  1.00264689 55403
ASIASTAR                
1 26107U 00016A   15120.77125733 -.00000339  00000-0  10000-3 0  9997
2 26107   0.1017  42.7388 0004064 348.4780 209.8214  1.00270806 55388
EUTELSAT 16C            
1 26243U 00019A   15119.05647145  .00000084  00000-0  00000+0 0  9997
2 26243   2.7713  70.5175 0002582 321.7689 219.2307  1.00274546 55033
EUTELSAT 36A            
1 26369U 00028A   15119.82226294  .00000145  00000-0  10000-3 0  9992
2 26369   0.0706 355.7628 0004340  35.0517 158.7165  1.00273511 54708
TDRS 8                  
1 26388U 00034A   15120.32243993  .00000000  00000-0  10000-3 0  9992
2 26388   6.1157  63.2768 0002393 311.1600  48.7555  1.00269443 54406
ECHOSTAR 6              
1 26402U 00038A   15119.86166187  .00000000  00000-0  10000-3 0  9999
2 26402   2.6857  71.4856 0001501 311.8213  48.1586  1.00267447 54159
INTELSAT 9 (IS-9)       
1 26451U 00043A   15120.66047238 -.00000276  00000-0  10000-3 0  9990
2 26451   1.9992  75.3142 0003264 311.3533  26.2828  1.00271646 54077
BRASILSAT B4            
1 26469U 00046A   15119.09602484 -.00000223  00000-0  10000-3 0  9999
2 26469   0.0763 100.3712 0003126 298.5780 128.3447  1.00274858 53855
NILESAT 102             
1 26470U 00046B   15120.10274620 -.00000067  00000-0  00000+0 0  9993
2 26470   0.0811  72.6287 0004477 305.8864 229.1738  1.00272502 53862
ASTRA 2B                
1 26494U 00054A   15120.52671053  .00000000  00000-0  10000-3 0  9996
2 26494   0.6264  78.8312 0002917 267.1397  93.1995  1.00274104 53472
AMC-7 (GE-7)            
1 26495U 00054B   15119.39289794  .00000085  00000-0  00000+0 0  9995
2 26495   0.0195  21.6029 0002621  13.5755 186.2870  1.00271867 53484
NSS-11 (AAP-1)          
1 26554U 00059A   15120.45919264 -.00000353  00000-0  10000-3 0  9991
2 26554   0.0391  63.9888 0002666 343.1685  84.4245  1.00270463 53434
N-SAT-110 (JCSAT-110)   
1 26559U 00060A   15120.01171494 -.00000360  00000-0  10000-3 0  9993
2 26559   0.0019 225.6045 0000483  67.5156  38.7976  1.00270778 53356
AMC-6 (GE-6)            
1 26580U 00067A   15119.26636103 -.00000271  00000-0  10000-3 0  9993
2 26580   0.0464  59.8979 0002288 339.9525 200.9368  1.00271969 53203
INTELSAT 12 (IS-12)     
1 26590U 00068A   15117.87396402  .00000121  00000-0  00000+0 0  9993
2 26590   0.0047 155.1214 0003295 239.5405 180.4868  1.00273714 53032
INTELSAT 1R (IS-1R)     
1 26608U 00072A   15120.17650628 -.00000291  00000-0  00000+0 0  9997
2 26608   0.0093 282.9062 0000968  35.4799 272.9522  1.00270662 52904
ANIK F1                 
1 26624U 00076A   15119.48065872 -.00000085  00000-0  00000+0 0  9993
2 26624   0.0130 194.2203 0001536 224.1510 224.4742  1.00272786 52956
ASTRA 2D                
1 26638U 00081A   15120.09635801  .00000141  00000-0  00000+0 0  9990
2 26638   2.1493  73.8123 0000615 339.3647 227.2452  1.00274619 52671
AMC-8 (GE-8)            
1 26639U 00081B   15119.92436962  .00000000  00000-0  10000-3 0  9997
2 26639   0.0583  56.6100 0003233 323.2825  31.4687  1.00272328 52526
TURKSAT 2A              
1 26666U 01002A   15120.81939667  .00000138  00000-0  10000-3 0  9993
2 26666   0.0738  41.7616 0004830 350.9495 162.7620  1.00276969 52394
SKYNET 4F               
1 26695U 01005B   15120.17597676 -.00000249  00000-0  10000-3 0  9991
2 26695   7.8896  42.6049 0003259 334.3044 230.2579  1.00272048 52114
EUTELSAT 28A            
1 26719U 01011A   15120.09530337  .00000141  00000-0  10000-3 0  9997
2 26719   0.0694   2.8043 0004309  36.2717 241.4169  1.00274572 51804
XM-1 (ROLL)             
1 26761U 01018A   15120.61349296 -.00000031  00000-0  10000-3 0  9990
2 26761   0.1359 260.4293 0003975 324.5124  98.8954  1.00272896 51254
INTELSAT 10 (IS-10)     
1 26766U 01019A   15120.08576227  .00000117  00000-0  00000+0 0  9992
2 26766   0.0267  58.6936 0002343 338.8806 258.5143  1.00272750 51153
INTELSAT 901 (IS-901)   
1 26824U 01024A   15117.88890903 -.00000156  00000-0  00000+0 0  9991
2 26824   0.0532  59.7727 0002638 306.4616 151.3180  1.00271819 50863
ASTRA 2C                
1 26853U 01025A   15120.09635801  .00000141  00000-0  00000+0 0  9998
2 26853   0.0459 321.4522 0003437  39.6305 279.5399  1.00276220 50836
ARTEMIS                 
1 26863U 01029A   15118.07305142  .00000105  00000-0  00000+0 0  9990
2 26863  11.7648  41.6269 0000312  22.9711 198.8380  1.00275650 51627
INTELSAT 902 (IS-902)   
1 26900U 01039A   15118.03913513  .00000018  00000-0  00000+0 0  9999
2 26900   0.0180 279.3038 0003173 109.0668 263.4027  1.00271326 49991
EUTELSAT 8 WEST A       
1 26927U 01042A   15120.10274620 -.00000075  00000-0  00000+0 0  9996
2 26927   0.0592 349.0388 0005471  42.4300 215.1842  1.00272615 49751
DIRECTV 4S              
1 26985U 01052A   15119.21997171 -.00000125  00000-0  00000+0 0  9990
2 26985   0.0013 228.2536 0001815 155.4614 171.1379  1.00271633 49213
INSAT-3C                
1 27298U 02002A   15120.45049696 -.00000079  00000-0  10000-3 0  9995
2 27298   0.1490  90.3016 0005663 331.9985  31.8745  1.00266565 47775
ECHOSTAR 7              
1 27378U 02006A   15120.32206014 -.00000009  00000-0  00000+0 0  9991
2 27378   0.0489  56.7925 0000949 357.3545 160.9310  1.00273718 48290
INTELSAT 904 (IS-904)   
1 27380U 02007A   15120.81988454  .00000042  00000-0  10000-3 0  9995
2 27380   0.0458  48.4349 0002537   1.1679 163.9681  1.00271346 48338
TDRS 9                  
1 27389U 02011A   15118.15441218 -.00000187  00000-0  10000-3 0  9996
2 27389   3.6278  91.2653 0006304 236.0400 276.1905  1.00468283 49657
JCSAT-2A                
1 27399U 02015A   15120.51492774 -.00000173  00000-0  00000+0 0  9997
2 27399   0.0032  92.9496 0001889 294.3809 170.1857  1.00272833 47913
ASTRA 3A                
1 27400U 02015B   15120.53851546  .00000065  00000-0  00000+0 0  9997
2 27400   2.3244  72.6648 0001901 302.4258 220.0870  1.00271839 47942
INTELSAT 903 (IS-903)   
1 27403U 02016A   15119.91724858 -.00000248  00000-0  00000+0 0  9990
2 27403   0.0315  15.8668 0003527  25.5594 111.8223  1.00273044 47907
NSS-7                   
1 27414U 02019A   15117.13843662 -.00000172  00000-0  00000+0 0  9998
2 27414   0.2835  88.4140 0003049 313.6624 202.5603  1.00272227 47781
DIRECTV 5 (TEMPO 1)     
1 27426U 02023A   15119.45777031 -.00000067  00000-0  10000-3 0  9997
2 27426   0.0033 337.9746 0003691  62.7829 231.0071  1.00272625 47540
INTELSAT 905 (IS-905)   
1 27438U 02027A   15118.15228774 -.00000199  00000-0  00000+0 0  9996
2 27438   0.0083 294.3562 0002602  84.3551 227.4273  1.00272874 47205
EXPRESS-A4              
1 27441U 02029A   15120.34290152 -.00000121  00000-0  00000+0 0  9990
2 27441   4.6913  62.0176 0001734  30.2763 235.0863  1.00271146 47203
GALAXY 3C (G-3C)        
1 27445U 02030A   15120.51508512 -.00000160  00000-0  10000-3 0  9995
2 27445   0.0102 304.0631 0001780  54.1708 310.3032  1.00274551 47182
EUTELSAT 5 WEST A       
1 27460U 02035A   15119.20220350 -.00000054  00000-0  10000-3 0  9994
2 27460   0.0537  11.0439 0004792  16.9111 256.6397  1.00272385 46966
N-STAR C                
1 27461U 02035B   15120.21056014  .00000000  00000-0  10000-3 0  9992
2 27461   3.1515  69.5465 0009748  46.9422 313.1058  1.00262834 46903
EUTELSAT 8 WEST C       
1 27499U 02038A   15120.12554190 -.00000072  00000-0  00000+0 0  9999
2 27499   0.0488 337.7038 0003297  55.5763 222.1496  1.00269857 46448
ECHOSTAR 8              
1 27501U 02039A   15120.39313155 -.00000250  00000-0  10000-3 0  9990
2 27501   0.0041 255.5516 0002611 136.7378 250.3398  1.00271089 46509
EUTELSAT 12 WEST A      
1 27508U 02040A   15120.79101966 -.00000107  00000-0  00000+0 0  9994
2 27508   0.0675 346.2254 0002233  96.5637  47.9281  1.00272200 46481
METEOSAT-8 (MSG-1)      
1 27509U 02040B   15120.55398003  .00000000  00000-0  10000-3 0  9995
2 27509   3.4541  61.2522 0000532 196.0657 163.8440  1.00267773 46474
INTELSAT 906 (IS-906)   
1 27513U 02041A   15119.90005520  .00000005  00000-0  00000+0 0  9997
2 27513   0.0345  16.5083 0003148  22.6404 206.5389  1.00273042 46258
KODAMA (DRTS)           
1 27516U 02042B   15120.32826448  .00000000  00000-0  10000-3 0  9999
2 27516   3.6007  66.9183 0002696 338.2522  21.6837  1.00266807 46300
KALPANA-1 (METSAT 1)    
1 27525U 02043A   15120.35770291  .00000000  00000-0  10000-3 0  9997
2 27525   4.9935  60.8495 0009881 219.2036 140.6498  1.00269367 46279
HISPASAT 1D             
1 27528U 02044A   15120.35225933 -.00000225  00000-0  00000+0 0  9994
2 27528   0.0329 356.5258 0004728  22.0060 296.2708  1.00273028 46170
EUTELSAT 33B            
1 27554U 02051A   15120.66259610  .00000148  00000-0  10000-3 0  9992
2 27554   0.0172 162.8172 0000596 212.8796 114.2223  1.00266876 45603
TDRS 10                 
1 27566U 02055A   15118.79005597  .00000072  00000-0  00000+0 0  9994
2 27566   3.6426  61.9810 0006602 231.7832  32.6224  1.00272028 45453
NSS-6                   
1 27603U 02057A   15120.39200777  .00000000  00000-0  10000-3 0  9990
2 27603   0.0670  85.3283 0000326 166.9740 201.7899  1.00265732 45355
NIMIQ 2                 
1 27632U 02062A   15120.17868514 -.00000233  00000-0  00000+0 0  9997
2 27632   0.3894  85.9662 0002549 294.2128 224.4266  1.00522842 45144
INTELSAT 907 (IS-907)   
1 27683U 03007A   15118.84278657 -.00000215  00000-0  00000+0 0  9997
2 27683   0.0098  58.2122 0002989 329.2485 104.9287  1.00271579 44636
INSAT-3A                
1 27714U 03013A   15120.52209995 -.00000266  00000-0  00000+0 0  9992
2 27714   0.1173  91.2519 0005271 331.3756  76.9690  1.00271767 44180
GALAXY 12 (G-12)        
1 27715U 03013B   15120.11730271  .00000000  00000-0  10000-3 0  9994
2 27715   0.0533 109.0060 0001007 261.6774 120.3108  1.00270971 44237
ASIASAT 4               
1 27718U 03014A   15120.37234064  .00000238  00000-0  10000-3 0  9998
2 27718   0.0414  90.7591 0001532  12.3785  10.9034  1.00265007 44167
HELLAS-SAT 2            
1 27811U 03020A   15120.59777642  .00000144  00000-0  00000+0 0  9998
2 27811   0.0185 119.2884 0004071 261.8875  91.2139  1.00271806 43622
AMC-9 (GE-12)           
1 27820U 03024A   15120.32305875 -.00000224  00000-0  00000+0 0  9998
2 27820   0.0396  40.1211 0002837 355.3671 215.7576  1.00271440 43568
THURAYA-2               
1 27825U 03026A   15119.86304189  .00000124  00000-0  10000-3 0  9992
2 27825   4.2117  25.3988 0005174   3.4065 183.4167  1.00274896 43588
OPTUS C1                
1 27831U 03028B   15120.64914218 -.00000154  00000-0  00000+0 0  9998
2 27831   0.0278 194.5826 0002960 220.2581 193.1562  1.00275233 43559
ECHOSTAR 12 (RAINBOW 1) 
1 27852U 03033A   15120.11860921 -.00000291  00000-0  00000+0 0  9992
2 27852   0.0302  62.0036 0001382 330.2243 166.8560  1.00270376 43217
GALAXY 23 (G-23)        
1 27854U 03034A   15118.60344826 -.00000001  00000-0  00000+0 0  9996
2 27854   0.0047 274.9835 0003192 121.2026 276.3091  1.00272108 42843
EUTELSAT 33A            
1 27948U 03043A   15120.66229515  .00000147  00000-0  10000-3 0  9991
2 27948   0.8192  80.3500 0000505 254.9202 152.2183  1.00273044 42562
GALAXY 13 (HORIZONS-1)  
1 27954U 03044A   15119.82926611  .00000000  00000-0  10000-3 0  9994
2 27954   0.0153  85.8508 0000748 304.5099 358.6332  1.00271368 42421
YAMAL 202               
1 28089U 03053A   15119.98557477  .00000000  00000-0  10000-3 0  9991
2 28089   0.0161 283.4452 0003228 172.6756 165.3047  1.00269526 41916
AMOS-2                  
1 28132U 03059A   15120.16488804 -.00000044  00000-0  00000+0 0  9999
2 28132   0.0574  99.8311 0003581 281.0324 252.2696  1.00271314 41615
EXPRESS-AM22 (SESAT 2)  
1 28134U 03060A   15120.03292336  .00000088  00000-0  10000-3 0  9994
2 28134   0.0162 314.2614 0000361  43.6670 284.5970  1.00272924 41531
AMC-10 (GE-10)          
1 28154U 04003A   15118.46997223  .00000074  00000-0  10000-3 0  9990
2 28154   0.0467  59.7854 0002284 330.4969 220.0262  1.00274688 41147
ABS-2I                  
1 28184U 04007A   15116.04916751  .00000021  00000-0  00000+0 0  9993
2 28184   0.0191 183.2778 0000952 268.2611 200.8510  1.00272731 40782
EUTELSAT 7A             
1 28187U 04008A   15120.05267850  .00000039  00000-0  00000+0 0  9991
2 28187   0.0695  12.1886 0003508  38.5776 192.8863  1.00273684 40806
DIRECTV 7S              
1 28238U 04016A   15120.32205251 -.00000008  00000-0  00000+0 0  9991
2 28238   0.0487  50.9172 0002884 346.8142 177.0908  1.00273059 40315
AMC-11 (GE-11)          
1 28252U 04017A   15119.18585196  .00000057  00000-0  00000+0 0  9992
2 28252   0.0400  37.1967 0003266 325.4805 150.0628  1.00274244 39998
INTELSAT 10-02          
1 28358U 04022A   15119.09145625 -.00000022  00000-0  10000-3 0  9992
2 28358   0.0081 188.9115 0001585 264.1257 155.6628  1.00274218 39848
APSTAR 5 (TELSTAR 18)   
1 28364U 04024A   15119.72328752  .00000000  00000-0  10000-3 0  9990
2 28364   0.0110 277.4025 0002975 127.1330 211.1871  1.00269035 39777
ANIK F2                 
1 28378U 04027A   15120.19291765 -.00000059  00000-0  10000-3 0  9999
2 28378   0.0365   8.1372 0000360 304.8568 223.1984  1.00272796 39586
AMAZONAS 1              
1 28393U 04031A   15120.30227145 -.00000294  00000-0  00000+0 0  9991
2 28393   0.1466  86.0905 0002184 304.0587 241.2448  1.00272511 39358
AMC-15                  
1 28446U 04041A   15119.90649457  .00000000  00000-0  10000-3 0  9998
2 28446   0.0672  74.5547 0003170 333.3466  30.9234  1.00268996 38623
AMC-16                  
1 28472U 04048A   15120.31383256 -.00000215  00000-0  10000-3 0  9992
2 28472   0.0450  62.6662 0002667 306.3022 236.9676  1.00271594 38042
NSS-10 (AMC-12)         
1 28526U 05003A   15120.17868514 -.00000259  00000-0  10000-3 0  9991
2 28526   0.0226 311.7501 0003049  83.1536 209.8134  1.00272230 37548
XTAR-EUR                
1 28542U 05005A   15120.09635801  .00000142  00000-0  00000+0 0  9998
2 28542   0.0045 128.9274 0001926 269.7067 242.7622  1.00273525 37404
HIMAWARI-6 (MTSAT-1R)   
1 28622U 05006A   15120.26310924  .00000000  00000-0  10000-3 0  9991
2 28622   0.1005  87.0388 0004353 310.4809  55.0373  1.00267327 36608
XM-3 (RHYTHM)           
1 28626U 05008A   15120.31383256 -.00000214  00000-0  10000-3 0  9999
2 28626   0.0321  77.0381 0000394 257.9554 270.8193  1.00272452 37295
INMARSAT 4-F1           
1 28628U 05009A   15120.39604463 -.00000268  00000-0  10000-3 0  9995
2 28628   2.7605   1.0449 0003009  25.1790 117.8666  1.00271067 36910
EXPRESS-AM2             
1 28629U 05010A   15120.82044102 -.00000143  00000-0  10000-3 0  9996
2 28629   0.7573  83.5083 0001244 126.3550  23.9354  1.00272240 36947
APSTAR 6                
1 28638U 05012A   15120.46491749 -.00000326  00000-0  00000+0 0  9999
2 28638   0.0364  54.3381 0001985 333.0459 132.0859  1.00273051 61640
SPACEWAY 1              
1 28644U 05015A   15120.24444984 -.00000111  00000-0  00000+0 0  9996
2 28644   0.0038 356.2382 0000174 308.7700 257.9442  1.00272772 36744
DIRECTV 8               
1 28659U 05019A   15120.46108575 -.00000124  00000-0  00000+0 0  9997
2 28659   0.0105 340.0504 0003356  46.6582 256.5117  1.00272609 36410
GALAXY 28 (G-28)        
1 28702U 05022A   15119.34585439 -.00000197  00000-0  00000+0 0  9993
2 28702   0.0109 325.8247 0000531 301.4767 345.1742  1.00271398 36094
EXPRESS-AM3             
1 28707U 05023A   15118.86768471 -.00000334  00000-0  00000+0 0  9997
2 28707   0.0127 304.0256 0000734  81.3117 246.5194  1.00270198 36065
THAICOM 4               
1 28786U 05028A   15120.73348701 -.00000779 -63828-6  10000-3 0  9990
2 28786   0.0022 156.6191 0002605 253.2702 192.1044  1.00268781 35574
GALAXY 14 (G-14)        
1 28790U 05030A   15119.93330225  .00000000  00000-0  10000-3 0  9992
2 28790   0.0431  67.0137 0001921 336.5589  24.9799  1.00270859 35530
ANIK F1R                
1 28868U 05036A   15119.48065760 -.00000086  00000-0  00000+0 0  9993
2 28868   0.0508  66.7335 0003113 327.7920 248.3247  1.00273510 35372
GALAXY 15 (G-15)        
1 28884U 05041A   15119.88360524  .00000000  00000-0  10000-3 0  9997
2 28884   0.0493  52.4457 0001593 353.5958 356.5942  1.00272460 34879
SYRACUSE 3A             
1 28885U 05041B   15116.04882447  .00000109  00000-0  00000+0 0  9991
2 28885   0.0136 316.3253 0002522  73.2871 248.6973  1.00270469 34965
INMARSAT 4-F2           
1 28899U 05044A   15120.81895453  .00000130  00000-0  00000+0 0  9994
2 28899   2.4355   0.9221 0002466  45.2525 132.1711  1.00274510 34746
TELKOM 2                
1 28902U 05046A   15118.69338352 -.00000376  00000-0  00000+0 0  9997
2 28902   0.0345 129.4997 0001491 264.4396 190.0333  1.00272400 34535
SPACEWAY 2              
1 28903U 05046B   15120.23755507 -.00000136  00000-0  00000+0 0  9990
2 28903   0.0159   8.4787 0000174 341.4232 214.4037  1.00272100 34724
INSAT-4A                
1 28911U 05049A   15120.51477015  .00000000  00000-0  10000-3 0  9992
2 28911   0.0719 110.8831 0000308  70.1362 305.4081  1.00266601 34327
METEOSAT-9 (MSG-2)      
1 28912U 05049B   15120.29142538  .00000054  00000-0  00000+0 0  9991
2 28912   0.7391  54.4348 0001261 289.4842 348.1938  1.00269582 34320
EUTELSAT 172A (GE-23)   
1 28924U 05052A   15120.55114924 -.00000014  00000-0  10000-3 0  9997
2 28924   0.0672 356.1588 0005297  34.6910 197.7351  1.00273798 34214
ECHOSTAR 10             
1 28935U 06003A   15120.38443852 -.00000064  00000-0  10000-3 0  9997
2 28935   0.0517  67.3461 0001116 353.0448 185.8093  1.00273652 33742
HIMAWARI-7 (MTSAT-2)    
1 28937U 06004A   15119.37240613 -.00000254  00000-0  00000+0 0  9993
2 28937   0.0097 275.4218 0003599 110.8374 109.8530  1.00272704 33629
SPAINSAT                
1 28945U 06007A   15120.35599921 -.00000224  00000-0  00000+0 0  9991
2 28945   0.0109 215.8938 0002072 170.7394 289.5219  1.00272281 33474
EUTELSAT 9A             
1 28946U 06007B   15120.81855051  .00000055  00000-0  10000-3 0  9998
2 28946   0.0714  73.0809 0003293 310.1939 138.8264  1.00273344 33544
JCSAT-5A                
1 29045U 06010A   15120.46487175 -.00000336  00000-0  10000-3 0  9995
2 29045   0.0117 269.7013 0001436 161.5739  86.2158  1.00272319 33174
ASTRA 1KR               
1 29055U 06012A   15120.05298341  .00000110  00000-0  00000+0 0  9992
2 29055   0.0363 281.1041 0001000  95.7935 239.0373  1.00272487 33005
GOES 13                 
1 29155U 06018A   15120.32327981 -.00000259  00000-0  00000+0 0  9997
2 29155   0.2803 265.8278 0004858 157.5906 196.3093  1.00272442 32742
EUTELSAT 113 WEST A     
1 29162U 06020A   15120.38748025 -.00000046  00000-0  00000+0 0  9994
2 29162   0.0098 332.9306 0002659  66.8633 204.7023  1.00272795 32702
THAICOM 5               
1 29163U 06020B   15119.96480029  .00000000  00000-0  10000-3 0  9998
2 29163   0.0305 309.5139 0000491  38.1316 295.7534  1.00267363 32757
GALAXY 16 (G-16)        
1 29236U 06023A   15120.23755797 -.00000136  00000-0  10000-3 0  9992
2 29236   0.0061 189.3859 0003197 198.4289 176.5643  1.00272262 32497
EUTELSAT HOT BIRD 13B   
1 29270U 06032A   15120.81864961  .00000080  00000-0  00000+0 0  9990
2 29270   0.0770 318.9571 0003231  67.3678 139.8312  1.00274984 32092
JCSAT-3A                
1 29272U 06033A   15119.84769598  .00000000  00000-0  10000-3 0  9991
2 29272   0.0155  15.2803 0001748 337.2777 298.0775  1.00266134 31982
SYRACUSE 3B             
1 29273U 06033B   15120.12704653 -.00000053  00000-0  10000-3 0  9995
2 29273   0.0063 322.0765 0003518  49.6947 246.5146  1.00272775 31974
KOREASAT 5 (MUGUNGWHA 5)
1 29349U 06034A   15120.46440675 -.00000366  00000-0  10000-3 0  9995
2 29349   0.0051 343.4609 0000756  17.1112 137.7590  1.00271278 31874
ZHONGXING-22A           
1 29398U 06038A   15120.00625157 -.00000322  00000-0  00000+0 0  9990
2 29398   4.4005  63.0296 0002804  40.7291 217.6261  1.00272483 31645
DIRECTV 9S              
1 29494U 06043A   15118.99107760 -.00000126  00000-0  00000+0 0  9995
2 29494   0.0415 102.1660 0003496 287.4259  82.7262  1.00272503 31321
OPTUS D1                
1 29495U 06043B   15120.58685284 -.00000118  00000-0  10000-3 0  9992
2 29495   0.0431  38.2032 0002730 353.9575 197.3203  1.00272871 31373
XM-4 (BLUES)            
1 29520U 06049A   15120.61358159 -.00000031  00000-0  00000+0 0  9998
2 29520   0.0122 126.5558 0000189 260.1073 297.2270  1.00273203 31229
BADR-4                  
1 29526U 06051A   15119.12873229  .00000132  00000-0  10000-3 0  9997
2 29526   0.0531 323.8288 0004936  33.9755 291.2837  1.00272235 31102
FENGYUN 2D              
1 29640U 06053A   15120.07338112 -.00000208  00000-0  10000-3 0  9994
2 29640   2.9915  68.4235 0001939 126.5388 135.7196  1.00276460 30788
WILDBLUE-1              
1 29643U 06054A   15120.38352453 -.00000058  00000-0  10000-3 0  9999
2 29643   0.0628 108.8890 0001523 277.8397 218.1754  1.00272837 30775
AMC-18                  
1 29644U 06054B   15119.91468547  .00000000  00000-0  10000-3 0  9995
2 29644   0.0916  78.0571 0002422 320.8246  42.9812  1.00268590 30781
MEASAT-3                
1 29648U 06056A   15120.82076118 -.00000249  00000-0  00000+0 0  9993
2 29648   0.0637 109.9628 0002319 334.8233 160.6401  1.00272878 30807
KIKU-8 (ETS-VIII)       
1 29656U 06059A   15120.32195131 -.00000245  00000-0  00000+0 0  9993
2 29656   4.1401  64.2108 0006227 336.3458  79.0028  1.00273155 30676
INSAT-4B                
1 30793U 07007A   15120.82081454 -.00000266  00000-0  00000+0 0  9991
2 30793   0.0875  95.2013 0003772 245.5499 266.6871  1.00273560 29811
SKYNET 5A               
1 30794U 07007B   15119.91837067  .00000031  00000-0  00000+0 0  9998
2 30794   0.0724   1.8310 0003538  43.5010 148.8134  1.00273367 29899
ANIK F3                 
1 31102U 07009A   15120.19963233  .00000000  00000-0  10000-3 0  9992
2 31102   0.0603 150.2635 0000355 141.7293 239.0424  1.00271725 29561
ASTRA 1L                
1 31306U 07016A   15119.99591225  .00000110  00000-0  00000+0 0  9997
2 31306   0.0680 300.6475 0003502  47.6887 246.9854  1.00272926 29271
GALAXY 17 (G-17)        
1 31307U 07016B   15120.32283769 -.00000183  00000-0  00000+0 0  9999
2 31307   0.0641  62.9749 0003329 342.8407 197.3601  1.00272068 29306
ZHONGXING-6B            
1 31800U 07031A   15120.46447535 -.00000370  00000-0  10000-3 0  9995
2 31800   0.0013 242.8717 0002568 129.1722 128.7633  1.00269434 28700
DIRECTV 10              
1 31862U 07032A   15119.48094729 -.00000114  00000-0  00000+0 0  9998
2 31862   0.0464  63.7695 0000458 222.8194   0.8627  1.00272213 28626
SPACEWAY 3              
1 32018U 07036A   15120.51503461 -.00000160  00000-0  10000-3 0  9996
2 32018   0.0255  66.3419 0000233 321.4624 280.7771  1.00272560 28350
BSAT-3A                 
1 32019U 07036B   15120.46434576 -.00000359  00000-0  10000-3 0  9991
2 32019   0.0275 176.8871 0000167  21.3697 296.8485  1.00271830 28296
INSAT-4CR               
1 32050U 07037A   15120.54178025  .00000000  00000-0  10000-3 0  9992
2 32050   0.0620 108.8931 0004301 188.7419 189.5209  1.00269266 28080
OPTUS D2                
1 32252U 07044A   15120.65315152 -.00000191  00000-0  00000+0 0  9997
2 32252   0.0334  12.8656 0002719  15.9600 216.5906  1.00272970 27707
INTELSAT 11 (IS-11)     
1 32253U 07044B   15120.66670016 -.00000276  00000-0  10000-3 0  9991
2 32253   0.0071 229.2800 0002905 169.0717  16.9453  1.00271535 27769
STAR ONE C1             
1 32293U 07056A   15120.32353138 -.00000285  00000-0  00000+0 0  9999
2 32293   0.0606 273.6194 0001590 147.5082 208.2915  1.00271391 27366
SKYNET 5B               
1 32294U 07056B   15119.05670775  .00000127  00000-0  00000+0 0  9991
2 32294   0.0633 352.6060 0003835  37.5850 231.2572  1.00271883 27431
ASTRA 4A (SIRIUS 4)     
1 32299U 07057A   15120.06888679  .00000024  00000-0  00000+0 0  9990
2 32299   0.0763  59.5676 0002953 349.2652 198.4811  1.00274550 27185
HORIZONS-2              
1 32388U 07063B   15119.82358934 -.00000193  00000-0  10000-3 0  9997
2 32388   0.0049 234.4117 0003120 157.4976 206.8801  1.00272448 27109
THURAYA-3               
1 32404U 08001A   15118.04909235 -.00000322  00000-0  10000-3 0  9992
2 32404   4.4005 346.7800 0004354  37.6821 307.5286  1.00271089 26736
EXPRESS-AM33            
1 32478U 08003A   15119.72181272 -.00000291  00000-0  10000-3 0  9999
2 32478   0.0149 319.7904 0001014 134.3450 119.5504  1.00270782 26852
THOR 5                  
1 32487U 08006A   15120.81831420 -.00000016  00000-0  00000+0 0  9991
2 32487   0.0102 228.3298 0002516 163.3961 120.5460  1.00272676 26418
KIZUNA (WINDS)          
1 32500U 08007A   15120.46513855 -.00000267  00000-0  00000+0 0  9996
2 32500   0.0040 249.5325 0002911 142.8067 136.1938  1.00271466 26294
AMC-14                  
1 32708U 08011A   15115.98162786  .00000137  00000-0  00000+0 0  9990
2 32708  17.6333  75.3564 0052751 356.3549 164.8525  1.00275957 27310
DIRECTV 11              
1 32729U 08013A   15120.33759628 -.00000135  00000-0  00000+0 0  9996
2 32729   0.0376  70.0564 0000378 188.0527 342.2121  1.00272512 26162
ICO G1                  
1 32763U 08016A   15119.54899461 -.00000187  00000-0  00000+0 0  9995
2 32763   4.1685 346.7398 0002854  40.1926 295.0248  1.00271992 25714
VINASAT-1               
1 32767U 08018A   15120.46486412 -.00000336  00000-0  10000-3 0  9993
2 32767   0.0106 318.6735 0002121  63.2975 135.4248  1.00274192 25836
STAR ONE C2             
1 32768U 08018B   15120.32340178 -.00000274  00000-0  00000+0 0  9993
2 32768   0.0094  53.4235 0002491  59.6928 151.2243  1.00270881 25819
TIANLIAN 1-01           
1 32779U 08019A   15118.87664142 -.00000147  00000-0  10000-3 0  9997
2 32779   1.2258  79.6353 0033063 221.7154 310.7063  1.00270527 25683
AMOS-3                  
1 32794U 08022A   15120.16488804 -.00000043  00000-0  00000+0 0  9992
2 32794   0.0383  97.1676 0002299 261.8439 274.1086  1.00272650 25673
GALAXY 18 (G-18)        
1 32951U 08024A   15120.28602674  .00000016  00000-0  00000+0 0  9994
2 32951   0.0095 245.0161 0003321 156.2399 156.6098  1.00272604 25340
CHINASAT 9 (ZX 9)       
1 33051U 08028A   15120.82078405 -.00000255  00000-0  00000+0 0  9995
2 33051   0.0058 292.8351 0004212 115.8631 197.4268  1.00272698 25257
SKYNET 5C               
1 33055U 08030A   15116.87612764 -.00000157  00000-0  00000+0 0  9995
2 33055   0.0734  10.3127 0002715  41.9167  99.9411  1.00273023 25120
TURKSAT 3A              
1 33056U 08030B   15119.90665961  .00000136  00000-0  00000+0 0  9996
2 33056   0.0628 126.3484 0004475 290.7694 168.8170  1.00276052 25304
INTELSAT 25 (IS-25)     
1 33153U 08034A   15119.05527825 -.00000237  00000-0  00000+0 0  9993
2 33153   0.0049 338.4598 0003393  36.2755 190.3564  1.00268658 24893
BADR-6                  
1 33154U 08034B   15120.09500243  .00000136  00000-0  00000+0 0  9992
2 33154   0.0662  35.8950 0005775   3.6070 238.4368  1.00276300 24999
ECHOSTAR 11             
1 33207U 08035A   15119.45777171 -.00000068  00000-0  10000-3 0  9996
2 33207   0.0614  69.9059 0002995 334.5892 227.3958  1.00272636 24879
SUPERBIRD-C2            
1 33274U 08038A   15119.67365313  .00000000  00000-0  10000-3 0  9993
2 33274   0.0078 240.9084 0001806 212.6920 150.1394  1.00266394 24617
AMC-21                  
1 33275U 08038B   15119.98209131  .00000000  00000-0  10000-3 0  9993
2 33275   0.0176  60.2119 0003960  17.7712   8.2795  1.00271580 24694
INMARSAT 4-F3           
1 33278U 08039A   15118.49621964 -.00000156  00000-0  00000+0 0  9992
2 33278   3.0137 353.8968 0002458  36.5801 266.3087  1.00272468 24483
NIMIQ 4                 
1 33373U 08044A   15119.34186088 -.00000232  00000-0  00000+0 0  9997
2 33373   0.0090 220.9957 0002601 168.0753 228.9791  1.00272524 24112
GALAXY 19 (G-19)        
1 33376U 08045A   15118.41595561 -.00000153  00000-0  00000+0 0  9990
2 33376   0.0009 346.4773 0002331  43.4889 238.8271  1.00271897 24105
VENESAT-1               
1 33414U 08055A   15119.32340264 -.00000249  00000-0  00000+0 0  9999
2 33414   0.0056 271.4303 0000807 159.7135 184.2486  1.00272339 23818
ASTRA 1M                
1 33436U 08057A   15119.05658579  .00000108  00000-0  00000+0 0  9999
2 33436   0.0253  56.7797 0003319  21.1492 178.3388  1.00275371 23714
CIEL-2                  
1 33453U 08063A   15120.32178572  .00000049  00000-0  10000-3 0  9996
2 33453   0.0184 281.5622 0002457 126.0294 157.3386  1.00273853 23390
EUTELSAT HOT BIRD 13C   
1 33459U 08065A   15120.81864961  .00000080  00000-0  00000+0 0  9992
2 33459   0.0531  33.9638 0004819  22.9249 109.2635  1.00274236 23485
EUTELSAT 48D            
1 33460U 08065B   15120.40815421  .00000000  00000-0  10000-3 0  9993
2 33460   0.0885  56.5229 0001957   2.6829 353.8954  1.00272725 23331
FENGYUN 2E              
1 33463U 08066A   15117.82911912 -.00000345  00000-0  00000+0 0  9999
2 33463   2.5111  58.6294 0002870 153.9740  45.7669  1.00276274 23293
EXPRESS-AM44            
1 33595U 09007A   15119.71821667 -.00000099  00000-0  00000+0 0  9994
2 33595   0.0225 336.5511 0001325 130.0341 358.3094  1.00271977 22788
NSS-9                   
1 33749U 09008A   15120.06115701  .00000000  00000-0  10000-3 0  9997
2 33749   0.0364  64.6047 0001631 273.9116  84.2655  1.00273102 22783
EUTELSAT HOT BIRD 13D   
1 33750U 09008B   15120.81864961  .00000080  00000-0  00000+0 0  9994
2 33750   0.0639 297.7227 0002109  42.4171 186.0222  1.00274031 22839
TELSTAR 11N             
1 34111U 09009A   15119.12143730 -.00000263  00000-0  10000-3 0  9992
2 34111   0.0010 307.0238 0002151  91.0776 184.8106  1.00271647 22634
RADUGA-1 8              
1 34264U 09010A   15120.34350339 -.00000170  00000-0  10000-3 0  9991
2 34264   4.2055  76.8239 0009657 298.2411 314.7379  0.99832246 22579
EUTELSAT 10A            
1 34710U 09016A   15119.12835877  .00000056  00000-0  00000+0 0  9999
2 34710   0.0675 352.8781 0004415  46.2936 233.7833  1.00272173 22212
SES-7 (PROTOSTAR 2)     
1 34941U 09027A   15120.46429240 -.00000353  00000-0  10000-3 0  9995
2 34941   0.0821  70.2370 0001499 248.8474 174.4171  1.00272381 21869
MEASAT-3A               
1 35362U 09032A   15120.82076118 -.00000249  00000-0  00000+0 0  9990
2 35362   0.0228 209.5573 0000574 104.8932 290.9655  1.00271665 21475
GOES 14                 
1 35491U 09033A   15120.49062086 -.00000101  00000-0  00000+0 0  9993
2 35491   0.1551 100.3703 0000866  17.7855 172.1733  1.00272057 21396
SIRIUS FM-5             
1 35493U 09034A   15119.35520906 -.00000157  00000-0  00000+0 0  9990
2 35493   0.0181 283.5178 0001393  49.6283 275.7013  1.00272301 21237
TERRESTAR-1             
1 35496U 09035A   15120.38506421 -.00000070  00000-0  00000+0 0  9999
2 35496   3.5724 332.5643 0002905  58.3512 214.7098  1.00272840 21385
ASIASAT 5               
1 35696U 09042A   15117.98184214 -.00000322  00000-0  10000-3 0  9998
2 35696   0.0130 173.4638 0001859 157.7809 338.3440  1.00271160 20899
JCSAT-RA (JCSAT-12)     
1 35755U 09044A   15120.14926227  .00000000  00000-0  10000-3 0  9998
2 35755   0.0725  47.2528 0001286 303.4894  48.6806  1.00265881999805
OPTUS D3                
1 35756U 09044B   15120.64923079 -.00000155  00000-0  00000+0 0  9993
2 35756   0.0529  26.0761 0004318   4.4404 217.4731  1.00271436 20863
PALAPA D                
1 35812U 09046A   15120.46442199 -.00000366  00000-0  10000-3 0  9996
2 35812   0.0249  65.1218 0002113  16.1887  56.9269  1.00271859 20919
NIMIQ 5                 
1 35873U 09050A   15120.32333317 -.00000266  00000-0  10000-3 0  9993
2 35873   0.0062 166.3336 0001923 213.9388 241.3663  1.00271568 20594
AMAZONAS 2              
1 35942U 09054A   15119.85474878 -.00000293  00000-0  00000+0 0  9993
2 35942   0.0569 106.3683 0003022 320.4011  37.4443  1.00273631 20437
COMSATBW-1              
1 35943U 09054B   15119.92571549  .00000013  00000-0  10000-3 0  9999
2 35943   0.0747  64.1631 0002373 329.0273 220.6675  1.00276235 20484
NSS-12                  
1 36032U 09058A   15119.89162368  .00000061  00000-0  00000+0 0  9992
2 36032   0.0650  70.4001 0002625 305.8366 219.2526  1.00273187 20171
THOR 6                  
1 36033U 09058B   15120.12461037 -.00000019  00000-0  10000-3 0  9995
2 36033   0.0408 123.4114 0001842 285.1074 213.2386  1.00273218 20198
INTELSAT 14 (IS-14)     
1 36097U 09064A   15120.05131398 -.00000283  00000-0  00000+0 0  9996
2 36097   0.0076 359.0091 0002253  39.6985 152.4606  1.00272520 19934
EUTELSAT 36B            
1 36101U 09065A   15119.82225532  .00000145  00000-0  10000-3 0  9991
2 36101   0.0681 352.3385 0004007  42.9002 154.1128  1.00272611 20032
INTELSAT 15 (IS-15)     
1 36106U 09067A   15118.82601418 -.00000198  00000-0  10000-3 0  9997
2 36106   0.0034 308.9347 0002324  95.1770 194.8482  1.00270724 19817
DIRECTV 12              
1 36131U 09075A   15120.37329455 -.00000112  00000-0  10000-3 0  9991
2 36131   0.0090 165.1672 0000095 298.4923 145.9577  1.00272692 19618
BEIDOU G1               
1 36287U 10001A   15120.64326265 -.00000290  00000-0  10000-3 0  9997
2 36287   1.6258  11.2250 0003146 184.1016  34.4974  1.00276033 19403
RADUGA-1M 2             
1 36358U 10002A   15119.84669120 -.00000194  00000-0  10000-3 0  9990
2 36358   0.0152 260.7654 0003072 161.2128 185.3023  1.00272109 19237
SDO                     
1 36395U 10005A   15118.49379522 -.00000045  00000-0  00000+0 0  9998
2 36395  28.0919 154.6348 0002237 182.3887 314.8900  1.00273462 19256
INTELSAT 16 (IS-16)     
1 36397U 10006A   15118.05697414 -.00000249  00000-0  00000+0 0  9992
2 36397   0.0475  39.8321 0002008   8.2546 109.1261  1.00272507 18998
GOES 15                 
1 36411U 10008A   15120.45110270  .00000082  00000-0  00000+0 0  9992
2 36411   0.0844 110.1301 0001614 238.7110 256.2154  1.00269671 18910
ECHOSTAR 14             
1 36499U 10010A   15120.30282931 -.00000009  00000-0  00000+0 0  9999
2 36499   0.0189 271.1681 0002658 132.4783 164.4045  1.00272304 18761
SES-1                   
1 36516U 10016A   15118.47846993 -.00000129  00000-0  00000+0 0  9997
2 36516   0.0262   9.5622 0001697  16.6322 261.1751  1.00272322 18348
ASTRA 3B                
1 36581U 10021A   15120.08761516  .00000128  00000-0  00000+0 0  9990
2 36581   0.0930  48.7395 0003841 359.0800 224.9327  1.00274876 18029
COMSATBW-2              
1 36582U 10021B   15119.99747475  .00000078  00000-0  00000+0 0  9991
2 36582   0.0173 271.3257 0001762 129.9872 188.5521  1.00271656 18218
BEIDOU G3               
1 36590U 10024A   15120.82127192 -.00000362  00000-0  00000+0 0  9992
2 36590   1.5147  29.1854 0004820 303.6611 291.8172  1.00274173 18011
BADR-5                  
1 36592U 10025A   15119.12873229  .00000133  00000-0  00000+0 0  9990
2 36592   0.0193 154.2190 0001649 265.1308 229.7517  1.00275142 18135
COMS 1                  
1 36744U 10032A   15120.14884826  .00000000  00000-0  10000-3 0  9994
2 36744   0.0402  53.6893 0000431 346.9457 358.9183  1.00266152 17875
ARABSAT-5A              
1 36745U 10032B   15120.23812153  .00000000  00000-0  10000-3 0  9999
2 36745   0.0526 358.8597 0003618  70.5466 264.6995  1.00274148 17861
ECHOSTAR 15             
1 36792U 10034A   15120.05131398 -.00000283  00000-0  10000-3 0  9992
2 36792   0.0656  59.7594 0002358 348.1537 143.1155  1.00270477 17628
BEIDOU IGSO 1           
1 36828U 10036A   15120.62816987  .00000000  00000-0  10000-3 0  9997
2 36828  54.3151 201.2326 0040161 205.2682 154.6036  1.00247521 17455
NILESAT 201             
1 36830U 10037A   15120.10274620 -.00000067  00000-0  10000-3 0  9990
2 36830   0.0591 142.2763 0003049 258.8803 206.5600  1.00273181 17518
RASCOM-QAF 1R           
1 36831U 10037B   15120.71991587  .00000011  00000-0  10000-3 0  9994
2 36831   0.0037 343.4157 0003731  43.9905  92.9802  1.00272703 17521
CHINASAT 6A (ZX 6A)     
1 37150U 10042A   15120.62147187  .00000000  00000-0  10000-3 0  9992
2 37150   0.0232 168.3228 0001967 287.7585 110.9559  1.00267844 17145
XM-5                    
1 37185U 10053A   15120.31383256 -.00000214  00000-0  10000-3 0  9995
2 37185   0.0169 278.4517 0001847  75.2614 251.9865  1.00271793 16677
BSAT-3B                 
1 37207U 10056B   15120.46434576 -.00000359  00000-0  00000+0 0  9996
2 37207   0.0524 339.3970 0004012  16.6513 139.0604  1.00271352 16512
BEIDOU G4               
1 37210U 10057A   15119.81951737 -.00000121  00000-0  10000-3 0  9993
2 37210   0.9365  52.1325 0005390 154.7542 105.5934  1.00272075 16526
SKYTERRA 1              
1 37218U 10061A   15119.47651278 -.00000136  00000-0  10000-3 0  9991
2 37218   4.1682 324.5791 0006225 163.3972 159.3529  1.00272797 16445
ZHONGXING-20A           
1 37234U 10064A   15119.70981528 -.00000347  00000-0  00000+0 0  9991
2 37234   0.0809  90.0076 0002839 338.2095 174.7091  1.00274286 16255
HYLAS 1                 
1 37237U 10065A   15119.16217977 -.00000245  00000-0  10000-3 0  9997
2 37237   0.0421 302.8781 0001994  94.6220 204.1798  1.00274517 16225
INTELSAT 17 (IS-17)     
1 37238U 10065B   15120.31955185  .00000000  00000-0  10000-3 0  9995
2 37238   0.0105 115.3217 0003342 277.2881   6.3845  1.00270387 16177
BEIDOU IGSO 2           
1 37256U 10068A   15119.95751713  .00000000  00000-0  10000-3 0  9997
2 37256  54.0393 320.2894 0031230 198.9602 160.9407  1.00253187 16035
EUTELSAT KA-SAT 9A      
1 37258U 10069A   15119.12833590  .00000050  00000-0  10000-3 0  9998
2 37258   0.0264 304.6344 0002941 142.7811 184.5613  1.00273559 16033
HISPASAT 1E             
1 37264U 10070A   15119.79555124  .00000000  00000-0  10000-3 0  9999
2 37264   0.0650  99.3169 0004421 342.4676  32.0106  1.00266208 15895
KOREASAT 6              
1 37265U 10070B   15120.04868727  .00000000  00000-0  10000-3 0  9996
2 37265   0.0251  48.3931 0002023 334.7600 328.0271  1.00265836 15911
ELEKTRO-L 1 (GOMS 2)    
1 37344U 11001A   15119.41168693  .00000000  00000-0  10000-3 0  9993
2 37344   0.8787  80.8087 0002593 225.5820 134.7417  1.00265263 15690
BEIDOU IGSO 3           
1 37384U 11013A   15120.77593024 -.00000147  00000-0  10000-3 0  9994
2 37384  56.8882  81.1169 0025484 195.6886 341.7997  1.00271453 14914
INTELSAT NEW DAWN       
1 37392U 11016A   15120.15735818  .00000146  00000-0  10000-3 0  9995
2 37392   0.0073 230.2339 0000492 161.6215 275.3619  1.00272581 14762
YAHSAT 1A               
1 37393U 11016B   15120.03291574  .00000091  00000-0  10000-3 0  9998
2 37393   0.0096 259.9681 0001576 114.8628 267.1651  1.00272983 14804
TELSTAR 14R             
1 37602U 11021A   15118.97914059 -.00000293  00000-0  00000+0 0  9997
2 37602   0.0374  31.8883 0001551 305.9123 168.2999  1.00271413 15010
GSAT-8                  
1 37605U 11022A   15119.82276606  .00000075  00000-0  10000-3 0  9997
2 37605   0.0804  94.8413 0004747 202.4369 271.4223  1.00271574 14476
ST-2                    
1 37606U 11022B   15120.82066208 -.00000218  00000-0  10000-3 0  9995
2 37606   0.0116  73.5294 0000897 349.5142 178.8127  1.00270396 14494
CHINASAT 10 (ZX 10)     
1 37677U 11026A   15119.84331771  .00000000  00000-0  10000-3 0  9995
2 37677   0.0158 309.4617 0004670 261.4951  60.5927  1.00265934 13778
TIANLIAN 1-02           
1 37737U 11032A   15120.17754237 -.00000057  00000-0  10000-3 0  9996
2 37737   1.0078  80.6980 0028592 194.8029 173.1618  1.00272445 13955
GSAT-12                 
1 37746U 11034A   15120.07368206 -.00000174  00000-0  00000+0 0  9999
2 37746   0.0567  94.3233 0006748  19.3986 213.4995  1.00271784 14190
SES-3                   
1 37748U 11035A   15118.47795770 -.00000116  00000-0  00000+0 0  9999
2 37748   0.0159 309.8576 0001898  29.9869 305.3340  1.00272607 13909
KAZSAT-2                
1 37749U 11035B   15116.97486558 -.00000216  00000-0  00000+0 0  9995
2 37749   0.0302   5.0743 0001144  72.5150 214.5095  1.00270171 13814
BEIDOU IGSO 4           
1 37763U 11038A   15119.83231425 -.00000104  00000-0  10000-3 0  9994
2 37763  54.6342 203.4718 0035688 204.3762 203.4750  1.00287886 13871
ASTRA 1N                
1 37775U 11041A   15119.99591225  .00000111  00000-0  00000+0 0  9997
2 37775   0.0693  10.7832 0005563  25.5177 199.0672  1.00274893 13637
BSAT-3C (JCSAT-110R)    
1 37776U 11041B   15120.01171494 -.00000360  00000-0  00000+0 0  9992
2 37776   0.0452  74.4752 0000249  23.1621 234.1752  1.00270256 13766
PAKSAT-1R               
1 37779U 11042A   15119.14381588  .00000141  00000-0  00000+0 0  9991
2 37779   0.0283 359.6375 0002602  23.1948 283.7229  1.00274935 13551
CHINASAT 1A (ZX 1A)     
1 37804U 11047A   15120.46481838 -.00000346  00000-0  10000-3 0  9994
2 37804   0.0121 307.3833 0001135 333.8587 234.0023  1.00271282 13328
COSMOS 2473             
1 37806U 11048A   15118.87664142 -.00000148  00000-0  10000-3 0  9990
2 37806   0.0341  80.6591 0000522  48.8217 122.5693  1.00272715 13289
SES-2                   
1 37809U 11049A   15119.87248560  .00000000  00000-0  10000-3 0  9993
2 37809   0.0642  78.1875 0002351 316.6607  49.6956  1.00265575 13258
ARABSAT-5C              
1 37810U 11049B   15119.12859508  .00000112  00000-0  00000+0 0  9992
2 37810   0.0703  12.8083 0001725  60.5146 209.7394  1.00275595 13192
EUTELSAT 7 WEST A       
1 37816U 11051A   15118.18234794 -.00000075  00000-0  10000-3 0  9994
2 37816   0.0760 323.4483 0002931 177.3134 133.4265  1.00272407 13177
QUETZSAT 1              
1 37826U 11054A   15119.25820252 -.00000253  00000-0  10000-3 0  9995
2 37826   0.0535  62.4923 0002372 329.6970 200.6581  1.00271237 13310
INTELSAT 18 (IS-18)     
1 37834U 11056A   15120.44475485  .00000044  00000-0  00000+0 0  9995
2 37834   0.0014 304.8756 0001936  66.5245 186.7610  1.00272250 13127
EUTELSAT 16A            
1 37836U 11057A   15119.26408228  .00000092  00000-0  00000+0 0  9990
2 37836   0.0707 341.6032 0004568  65.9112 280.4601  1.00274667 13029
VIASAT-1                
1 37843U 11059A   15120.61635941 -.00000032  00000-0  10000-3 0  9995
2 37843   0.0015 212.6486 0002616 186.4776 285.8943  1.00272911 13507
ASIASAT 7               
1 37933U 11069A   15119.77840014 -.00000344  00000-0  10000-3 0  9996
2 37933   0.0036 226.7545 0001791 111.0141 265.3465  1.00269906 12696
BEIDOU IGSO 5           
1 37948U 11073A   15120.01860333  .00000000  00000-0  10000-3 0  9990
2 37948  54.1398 319.7343 0030039 197.7609 162.1503  1.00265636 12636
AMOS-5                  
1 37950U 11074A   15120.05293006  .00000100  00000-0  10000-3 0  9996
2 37950   0.0133 226.6820 0001565 262.0739 124.9551  1.00273315 12490
LUCH 5A                 
1 37951U 11074B   15119.59285559  .00000000  00000-0  10000-3 0  9997
2 37951   2.3315 237.8246 0003219 184.5385 175.4742  1.00273105 12419
NIGCOMSAT 1R            
1 38014U 11077A   15118.95960034  .00000132  00000-0  00000+0 0  9999
2 38014   0.0538  66.1641 0002202 227.8049 310.5981  1.00275563 12285
FENGYUN 2F              
1 38049U 12002A   15120.76933453 -.00000365  00000-0  10000-3 0  9997
2 38049   0.2151  34.2273 0002459 165.5957  47.7056  1.00280255 12122
SES-4                   
1 38087U 12007A   15119.26098836  .00000000  00000-0  10000-3 0  9999
2 38087   0.0178 345.5046 0003271  57.5447 245.7925  1.00267610 11746
BEIDOU G5               
1 38091U 12008A   15120.14492846  .00000049  00000-0  00000+0 0  9991
2 38091   1.0969  26.6014 0000727 104.7688 197.1959  1.00271126 11707
INTELSAT 22 (IS-22)     
1 38098U 12011A   15116.04943431 -.00000079  00000-0  00000+0 0  9991
2 38098   0.0350  58.5468 0001962 352.7595 252.3125  1.00271456 11275
APSTAR 7                
1 38107U 12013A   15120.37349060  .00000000  00000-0  10000-3 0  9991
2 38107   0.0331  67.3876 0003196   5.9400 355.6099  1.00268992 11402
YAHSAT 1B               
1 38245U 12016A   15120.08576227  .00000117  00000-0  00000+0 0  9996
2 38245   0.0088 218.9771 0000975 186.8061 250.3863  1.00271919 11140
JCSAT-13                
1 38331U 12023A   15120.24344340  .00000000  00000-0  10000-3 0  9993
2 38331   0.0041  51.2261 0003542 290.5539  87.7288  1.00267751 10829
VINASAT-2               
1 38332U 12023B   15120.46484888 -.00000337  00000-0  00000+0 0  9999
2 38332   0.0129  64.2265 0001853 337.3519 115.7072  1.00273569 10856
NIMIQ 6                 
1 38342U 12026A   15120.32283006 -.00000183  00000-0  00000+0 0  9996
2 38342   0.0027 123.2544 0002422 266.2561 213.5651  1.00273179 10824
CHINASAT 2A (ZX 2A)     
1 38352U 12028A   15119.88241249  .00000000  00000-0  10000-3 0  9993
2 38352   0.0158 313.9933 0002707  44.1520 275.3094  1.00268311 10856
INTELSAT 19 (IS-19)     
1 38356U 12030A   15120.82421088 -.00000064  00000-0  00000+0 0  9993
2 38356   0.0166 323.8223 0003029  63.0908 294.2275  1.00271197 10744
ECHOSTAR 17             
1 38551U 12035A   15119.48065750 -.00000087  00000-0  00000+0 0  9990
2 38551   0.0342 246.5498 0002481 143.5422 252.9589  1.00272678 10348
METEOSAT-10 (MSG-3)     
1 38552U 12035B   15117.13599166 -.00000024  00000-0  00000+0 0  9995
2 38552   0.0659 271.2037 0000642 184.1433 168.0503  1.00273798 10419
SES-5                   
1 38652U 12036A   15120.81845141  .00000027  00000-0  00000+0 0  9995
2 38652   0.0610 268.6319 0001881 121.3680 128.0490  1.00273161 10306
TIANLIAN 1-03           
1 38730U 12040A   15120.66169443  .00000100  00000-0  10000-3 0  9991
2 38730   0.1297 268.0434 0002021 302.0491 263.1550  1.00274815 10228
INTELSAT 20 (IS-20)     
1 38740U 12043A   15119.96811564  .00000000  00000-0  10000-3 0  9993
2 38740   0.0111 348.3951 0000220  82.4789 203.7812  1.00271310 10056
HYLAS 2                 
1 38741U 12043B   15120.57595583  .00000000  00000-0  10000-3 0  9993
2 38741   0.0830  88.9907 0002620   1.6431   5.9331  1.00274446 10080
INTELSAT 21 (IS-21)     
1 38749U 12045A   15116.44052416 -.00000304  00000-0  00000+0 0  9990
2 38749   0.0131 340.8065 0002160  45.3177 288.5622  1.00269909  9839
ASTRA 2F                
1 38778U 12051A   15119.08060968  .00000138  00000-0  00000+0 0  9997
2 38778   0.0344 231.9941 0001161  51.7703 350.1823  1.00274997  9502
GSAT-10                 
1 38779U 12051B   15120.45626000  .00000000  00000-0  10000-3 0  9999
2 38779   0.0974  97.1414 0004259 212.8877 155.2504  1.00266540  8797
INTELSAT 23 (IS-23)     
1 38867U 12057A   15120.58702328 -.00000293  00000-0  00000+0 0  9995
2 38867   0.0147 270.5612 0001740 126.1101 339.8563  1.00271976  9350
BEIDOU G6               
1 38953U 12059A   15118.87664142 -.00000150  00000-0  10000-3 0  9990
2 38953   0.1401  23.3136 0001363 350.3014 238.5459  1.00273183  9261
YAMAL 300K              
1 38978U 12061B   15119.87977420 -.00000215  00000-0  10000-3 0  9999
2 38978   0.0189 307.3694 0005068  50.0944 305.7996  1.01120416  9091
STAR ONE C3             
1 38991U 12062A   15119.47300008 -.00000260  00000-0  10000-3 0  9993
2 38991   0.0827  84.5885 0001589 293.3858 294.4251  1.00270843  9076
EUTELSAT 21B            
1 38992U 12062B   15116.75645133  .00000111  00000-0  00000+0 0  9992
2 38992   0.0701   1.2816 0002084  28.2751 118.7743  1.00273739  9066
ECHOSTAR 16             
1 39008U 12065A   15119.47938356 -.00000293  00000-0  10000-3 0  9995
2 39008   0.0036 188.9676 0002726 197.2833 301.9326  1.00270766  9020
CHINASAT 12 (ZX 12)     
1 39017U 12067A   15120.82064683 -.00000214  00000-0  10000-3 0  9994
2 39017   0.0334  35.6367 0002568   0.0488 205.6734  1.00271285  8947
EUTELSAT 70B            
1 39020U 12069A   15120.07085088  .00000000  00000-0  10000-3 0  9991
2 39020   0.0677 331.1589 0002023  78.5494 264.0084  1.00270952  8839
YAMAL 402               
1 39022U 12070A   15120.03295385  .00000076  00000-0  10000-3 0  9997
2 39022   0.0039 315.9730 0003302 115.8908 212.5476  1.00273734  8820
SKYNET 5D               
1 39034U 12075A   15119.03658589  .00000087  00000-0  10000-3 0  9994
2 39034   0.0732   2.2109 0003601  28.2240 252.1520  1.00274570  8736
MEXSAT 3                
1 39035U 12075B   15120.28344777 -.00000035  00000-0  10000-3 0  9999
2 39035   0.0417 140.8258 0001397 259.7680 164.5639  1.00274636  8707
TDRS 11                 
1 39070U 13004A   15120.26395221  .00000075  00000-0  00000+0 0  9997
2 39070   6.2946 330.0572 0007832 275.2827 256.5403  1.00279882  8247
AMAZONAS 3              
1 39078U 13006A   15120.49001809 -.00000291  00000-0  10000-3 0  9994
2 39078   0.0182 209.6056 0000951 180.9022 302.9810  1.00271091  8197
AZERSPACE 1             
1 39079U 13006B   15117.06511704  .00000115  00000-0  00000+0 0  9993
2 39079   0.0464  77.9582 0001639 326.4807 239.7205  1.00274629  8154
EUTELSAT 117 WEST A     
1 39122U 13012A   15120.08835314  .00000000  00000-0  10000-3 0  9999
2 39122   0.0559 111.5585 0002341 266.3306 114.8429  1.00270059  7718
ANIK G1                 
1 39127U 13014A   15119.48065911 -.00000085  00000-0  00000+0 0  9995
2 39127   0.0080 281.5152 0001500  73.5586 287.7715  1.00272859  7486
CHINASAT 11 (ZX 11)     
1 39157U 13020A   15119.86758446  .00000000  00000-0  10000-3 0  9990
2 39157   0.0118 312.9672 0000953 284.3399  30.5344  1.00269536  6201
EUTELSAT 7B             
1 39163U 13022A   15119.12607740  .00000036  00000-0  00000+0 0  9992
2 39163   0.0556  40.7473 0005233 333.5244 254.8861  1.00274169  7216
SES-6                   
1 39172U 13026A   15118.59705058 -.00000275  00000-0  00000+0 0  9993
2 39172   0.0195 300.0808 0002327  81.0315   9.5547  1.00270418  6964
IRNSS-1A                
1 39199U 13034A   15117.10186536  .00000126  00000-0  00000+0 0  9995
2 39199  27.6986 128.9226 0021901 190.4163 347.1320  1.00272006  6855
ALPHASAT                
1 39215U 13038A   15119.12870942  .00000128  00000-0  00000+0 0  9995
2 39215   0.7937  34.4691 0002260 349.9110 263.5524  1.00272141  6485
INSAT-3D                
1 39216U 13038B   15120.54740025  .00000000  00000-0  10000-3 0  9996
2 39216   0.0517 113.1875 0000752 240.8599 143.2168  1.00266766  5838
EUTELSAT 25B            
1 39233U 13044A   15119.12872468  .00000131  00000-0  00000+0 0  9991
2 39233   0.0570  17.6268 0001968 344.2549 286.6901  1.00271605  6122
GSAT-7                  
1 39234U 13044B   15120.46224815  .00000000  00000-0  10000-3 0  9998
2 39234   0.1198  92.9235 0008185 193.7073 171.8449  1.00269382  5688
AMOS-4                  
1 39237U 13045A   15120.74227860 -.00000000  00000-0  00000+0 0  9992
2 39237   0.0022 145.2367 0001371 251.7659 153.5514  1.00273077  6125
ASTRA 2E                
1 39285U 13056A   15120.09635801  .00000141  00000-0  10000-3 0  9993
2 39285   0.0524  23.3352 0001999 357.3990 260.0277  1.00274269  5811
SIRIUS FM-6             
1 39360U 13058A   15120.03469786  .00000000  00000-0  10000-3 0  9994
2 39360   0.0308  81.9017 0000424 121.8199 270.3120  1.00270731  5585
RADUGA-1M 3             
1 39375U 13062A   15120.51040825 -.00000047  00000-0  10000-3 0  9999
2 39375   0.0092 194.7840 0002840 229.7001  47.3915  1.00272940  5366
SES-8                   
1 39460U 13071A   15119.79657704  .00000000  00000-0  10000-3 0  9990
2 39460   0.0097 225.9100 0002116 186.7348 186.5211  1.00266408  4854
INMARSAT 5-F1           
1 39476U 13073A   15119.92571549  .00000018  00000-0  10000-3 0  9995
2 39476   0.0202 246.9191 0000157  85.2133 281.2705  1.00273179  5158
TKSAT-1 (TUPAC KATARI)  
1 39481U 13075A   15120.48644571 -.00000203  00000-0  10000-3 0  9999
2 39481   0.0106  19.7456 0001338  11.0353 275.2473  1.00271664  5073
EXPRESS-AM5             
1 39487U 13077A   15119.74360501  .00000000  00000-0  10000-3 0  9996
2 39487   0.0090 321.1027 0000830  90.9833 213.0181  1.00268410  5600
GSAT-14                 
1 39498U 14001A   15120.57687443 -.00000085  00000-0  00000+0 0  9995
2 39498   0.0941  92.9061 0002221 266.0494 140.9095  1.00272573  4812
THAICOM 6               
1 39500U 14002A   15120.82040289 -.00000129  00000-0  10000-3 0  9993
2 39500   0.0864 121.3920 0003897 343.5050 127.3943  1.00273120  4764
TDRS 12                 
1 39504U 14004A   15117.24500288 -.00000296  00000-0  00000+0 0  9991
2 39504   6.6999 337.5257 0000854  53.3050 231.2300  1.00277497  4649
ABS-2                   
1 39508U 14006A   15120.45991824  .00001857  00000-0  10000-3 0  9992
2 39508   0.0205  63.6092 0003291 287.7876 107.0620  1.00268881  4565
ATHENA-FIDUS            
1 39509U 14006B   15119.82230868  .00000144  00000-0  00000+0 0  9999
2 39509   0.0245  15.0263 0001304   6.9544 169.2868  1.00272688  4730
TURKSAT 4A              
1 39522U 14007A   15119.07684859  .00000134  00000-0  10000-3 0  9999
2 39522   0.0272 273.3771 0002450  60.7524 312.2230  1.00271975  4424
EXPRESS-AT1             
1 39612U 14010A   15116.25021077  .00000058  00000-0  00000+0 0  9997
2 39612   0.0216 297.0315 0000575 177.3473 245.6229  1.00273771  4246
EXPRESS-AT2             
1 39613U 14010B   15118.66275253 -.00000295  00000-0  00000+0 0  9996
2 39613   0.0075 291.2468 0001309 217.1228  86.3596  1.00271820  4095
AMAZONAS 4A             
1 39616U 14011A   15120.49001809 -.00000291  00000-0  00000+0 0  9994
2 39616   0.0362  44.1492 0005284 349.9846 299.4404  1.00271934  4096
ASTRA 5B                
1 39617U 14011B   15119.05688309  .00000142  00000-0  00000+0 0  9995
2 39617   0.0332 359.1226 0002388 359.7438 269.8097  1.00274151  4088
IRNSS-1B                
1 39635U 14017A   15118.00687370  .00000047  00000-0  00000+0 0  9996
2 39635  30.4258 306.9024 0019698 180.4287 145.9775  1.00279514  4008
LUCH 5V                 
1 39727U 14023A   15119.51877385 -.00000286  00000-0  00000+0 0  9995
2 39727   4.1522 301.2680 0002990 116.2527  81.0319  1.00267976521747
KAZSAT 3                
1 39728U 14023B   15120.81313819  .00000053  00000-0  00000+0 0  9999
2 39728   0.0120 319.5173 0000569 141.4037 108.7299  1.00272240  3684
EUTELSAT 3B             
1 39773U 14030A   15120.71991587  .00000013  00000-0  00000+0 0  9996
2 39773   0.0538 335.2314 0001562 198.7854 306.5997  1.00274356  3453
ASIASAT 8               
1 40107U 14046A   15120.82113471 -.00000340  00000-0  00000+0 0  9990
2 40107   0.0101 354.0758 0000657  45.6720 219.5818  1.00269334  2734
ASIASAT 6               
1 40141U 14052A   15119.79193544 -.00000372  00000-0  10000-3 0  9998
2 40141   0.0046 222.3051 0000471 181.2923 218.8288  1.00272325  2387
OPTUS 10                
1 40146U 14054A   15116.76203718 -.00000093  00000-0  00000+0 0  9999
2 40146   0.0230 239.7760 0002630 152.6361 260.3476  1.00271267  2311
MEASAT-3B               
1 40147U 14054B   15120.01335845 -.00000251  00000-0  10000-3 0  9991
2 40147   0.0505  40.2874 0002162 357.7876 275.8645  1.00270802  2398
LUCH (OLYMP)            
1 40258U 14058A   15120.61865469  .00000116  00000-0  00000+0 0  9998
2 40258   0.0204 272.7718 0024934 346.6621 237.5061  0.99725145  2177
HIMAWARI 8              
1 40267U 14060A   15120.26525802  .00000000  00000-0  10000-3 0  9993
2 40267   0.0342  76.5513 0005481 256.3183 121.2093  1.00268848  2099
IRNSS-1C                
1 40269U 14061A   15119.82353598 -.00000180  00000-0  10000-3 0  9997
2 40269   4.5842 269.6035 0019601   7.1662 320.1982  1.00275655  2048
INTELSAT 30 (IS-30)     
1 40271U 14062A   15120.51487451 -.00000159  00000-0  00000+0 0  9996
2 40271   0.0037 172.2610 0001311  54.7910  81.3863  1.00272032  2005
ARSAT 1                 
1 40272U 14062B   15120.00925896 -.00000269  00000-0  00000+0 0  9993
2 40272   0.0094 351.0919 0001799  32.7126 125.3647  1.00271427  2111
GSAT 16                 
1 40332U 14078A   15119.95904490  .00000075  00000-0  00000+0 0  9990
2 40332   0.0171 171.4269 0006641 263.5728 182.8988  1.00273124  1480
DIRECTV 14              
1 40333U 14078B   15120.33759628 -.00000134  00000-0  00000+0 0  9993
2 40333   0.0136 259.3954 0000514 316.3760  24.4774  1.00271564  1474
YAMAL 401               
1 40345U 14082A   15120.72220546 -.00000236  00000-0  00000+0 0  9999
2 40345   0.0334  18.8995 0000342  23.8728 165.4936  1.00270853  1648
ASTRA 2G                
1 40364U 14089A   15120.15578938  .00000111  00000-0  00000+0 0  9996
2 40364   0.0599 285.2355 0000215 162.9824 225.0267  1.00650258  1251
FENGYUN 2G              
1 40367U 14090A   15119.88841949  .00000000  00000-0  10000-3 0  9996
2 40367   2.0385 277.4919 0004798 258.7035 100.8717  1.00267641  1267
