STARLETTE               
1 07646U 75010A   15119.52598970 -.00000125  00000-0  13282-4 0  9997
2 07646  49.8252 315.6061 0205743 309.3497  48.9322 13.82296776 32007
LAGEOS 1                
1 08820U 76039A   15119.55249186 -.00000016  00000-0  00000+0 0  9997
2 08820 109.8307 226.2906 0043890  93.2442 253.6807  6.38664847653842
AJISAI (EGS)            
1 16908U 86061A   15120.52458584 -.00000100  00000-0 -17972-4 0  9998
2 16908  50.0106  48.8020 0011301 272.9654 134.1001 12.44480540974485
LAGEOS 2                
1 22195U 92070B   15118.59057183 -.00000009  00000-0  00000+0 0  9990
2 22195  52.6657 317.4352 0138331 208.7954 152.8341  6.47293971532294
STELLA                  
1 22824U 93061B   15120.21171015 -.00000025  00000-0  78230-5 0  9997
2 22824  98.7165  64.1902 0006964 145.9547 349.9236 14.27353213124888
GRACE-1                 
1 27391U 02012A   15120.17089396  .00014933  00000-0  19368-3 0  9999
2 27391  88.9969  72.8956 0007060   2.5413  57.0401 15.58696950735329
GRACE-2                 
1 27392U 02012B   15119.91400953  .00015963  00000-0  20712-3 0  9995
2 27392  88.9979  72.9771 0007373   3.0256  57.9797 15.58686260735280
LARES                   
1 38077U 12006A   15120.75633932 -.00000022  00000-0  10000-3 0  9990
2 38077  69.4935  36.3667 0011263 275.0908  84.8812 12.54930535147109
