COSMOS 2413 (712)       
1 28509U 04053B   15119.70615991 -.00000013  00000-0  10000-3 0  9990
2 28509  63.1417 204.8591 0005569 174.6054 222.1371  2.13101654 80479
COSMOS 2419 (714)       
1 28915U 05050A   15120.15251669  .00000034  00000-0  00000+0 0  9995
2 28915  65.1521  92.1470 0017868 343.6560  29.7662  2.13107362 72733
COSMOS 2425 (716)       
1 29670U 06062A   15120.24047271 -.00000018  00000-0  10000-3 0  9998
2 29670  65.7895 331.0496 0022836 351.1395 156.0898  2.13104935 64937
COSMOS 2426 (717)       
1 29671U 06062B   15120.42544691 -.00000018  00000-0  10000-3 0  9997
2 29671  65.8060 331.1167 0015734 157.6916 355.3152  2.13102954 64943
COSMOS 2424 (715)       
1 29672U 06062C   15120.23934678 -.00000018  00000-0  10000-3 0  9995
2 29672  65.7913 331.0587 0015354 156.0059  31.6657  2.13102086 64933
COSMOS 2433 (720)       
1 32275U 07052A   15119.86396578  .00000035  00000-0  10000-3 0  9994
2 32275  65.1665  91.9192 0005149 278.3681 131.1607  2.13104923 58440
COSMOS 2432 (719)       
1 32276U 07052B   15120.45066792  .00000032  00000-0  10000-3 0  9991
2 32276  65.1791  91.9585 0014157 330.4375 123.9600  2.13104332 58453
COSMOS 2434 (721)       
1 32393U 07065A   15120.19631883 -.00000019  00000-0  00000+0 0  9996
2 32393  65.4105 330.5711 0005452  86.9009 113.2705  2.13102730 57157
COSMOS 2436 (723)       
1 32395U 07065C   15120.29142538 -.00000019  00000-0  10000-3 0  9998
2 32395  65.4238 330.6037 0018626 359.4503   5.6897  2.13102792 57099
COSMOS 2443 (725)       
1 33379U 08046B   15119.80186846  .00000034  00000-0  10000-3 0  9992
2 33379  65.0938  91.3787 0017655 193.6680  78.4100  2.13101444 51309
COSMOS 2456 (730)       
1 36111U 09070A   15119.75664262 -.00000020  00000-0  00000+0 0  9995
2 36111  64.1998 210.2747 0004257 317.0225  73.2108  2.13102864 41814
COSMOS 2457 (733)       
1 36112U 09070B   15120.02161270 -.00000017  00000-0  00000+0 0  9995
2 36112  64.1815 210.2018 0007031 164.1606 201.6040  2.13101451 41825
COSMOS 2458 (734)       
1 36113U 09070C   15120.37896140 -.00000012  00000-0  10000-3 0  9995
2 36113  64.1870 210.1926 0001010  19.1295 307.7106  2.13102033 41826
COSMOS 2459 (731)       
1 36400U 10007A   15119.69600861  .00000034  00000-0  10000-3 0  9995
2 36400  65.0726  91.1290 0030491 348.9327 160.7717  2.13102409 40168
COSMOS 2461 (735)       
1 36401U 10007B   15120.24395071  .00000031  00000-0  10000-3 0  9990
2 36401  65.0658  91.0958 0004090  50.0970  70.4835  2.13102442 40170
COSMOS 2460 (732)       
1 36402U 10007C   15120.40359356  .00000030  00000-0  10000-3 0  9994
2 36402  65.0560  91.0725 0002702 290.6593 354.9146  2.13101989 40176
COSMOS 2466 (738)       
1 37137U 10041A   15120.11762141 -.00000021  00000-0  10000-3 0  9997
2 37137  64.9956 330.8901 0020008 146.3731 217.2172  2.13102291 36250
COSMOS 2465 (737)       
1 37138U 10041B   15120.72575503 -.00000019  00000-0  00000+0 0  9991
2 37138  65.0116 330.9345 0033401 164.4256 127.8799  2.13102690 36252
COSMOS 2464 (736)       
1 37139U 10041C   15120.17907441 -.00000021  00000-0  00000+0 0  9994
2 37139  65.0133 330.9444 0023627  17.1093 350.3288  2.13102749 36255
COSMOS 2471 (701K)      
1 37372U 11009A   15120.45486355  .00000030  00000-0  00000+0 0  9994
2 37372  65.0531  91.0213 0009026 245.5802 210.5307  2.13102927 32452
COSMOS 2474 (742)       
1 37829U 11055A   15120.51632454 -.00000010  00000-0  00000+0 0  9991
2 37829  64.5236 210.4900 0007926 253.9600 222.3629  2.13101870 27820
COSMOS 2476 (744)       
1 37867U 11064A   15119.38654030 -.00000025  00000-0  00000+0 0  9996
2 37867  64.5037 210.6210 0016505 249.5221 125.7117  2.13102023 27155
COSMOS 2477 (745)       
1 37868U 11064B   15120.08497939 -.00000016  00000-0  00000+0 0  9999
2 37868  64.5118 210.6327 0014591 250.8698 119.6960  2.13101802 27120
COSMOS 2475 (743)       
1 37869U 11064C   15120.70568877 -.00000008  00000-0  00000+0 0  9990
2 37869  64.5186 210.5955 0020721 278.8034 163.7996  2.13101885 27140
COSMOS 2478 (746)       
1 37938U 11071A   15119.76902558  .00000034  00000-0  00000+0 0  9995
2 37938  65.0804  91.2501 0014755 246.6858 181.6639  2.13083754 26739
COSMOS 2485 (747)       
1 39155U 13019A   15120.74735113 -.00000007  00000-0  00000+0 0  9994
2 39155  64.6721 210.4339 0016711 244.1053 140.3549  2.13102020 15652
COSMOS 2492 (754)       
1 39620U 14012A   15119.23803497  .00000036  00000-0  10000-3 0  9994
2 39620  64.9434  91.1590 0017950 328.5425   9.8083  2.13103486  8585
COSMOS 2500 (755)       
1 40001U 14032A   15120.74635716  .00000029  00000-0  00000+0 0  9993
2 40001  64.8840  91.1632 0006804 228.7453  51.1697  2.13103052  6819
COSMOS 2501 (702K)      
1 40315U 14075A   15120.15237192 -.00000023  00000-0  00000+0 0  9994
2 40315  64.7785 332.5282 0015433 239.6275 108.1917  2.13101404  3205
