GORIZONT 1 [-]          
1 11158U 78118A   15117.97708762 -.00000312  00000-0  00000+0 0  9998
2 11158  17.9424 283.8088 3364022 160.4485 216.3354  1.00287899 82121
GORIZONT 2 [-]          
1 11440U 79062A   15120.06845171  .00000000  00000-0  10000-3 0  9999
2 11440  13.8112 332.5138 0005405 191.7597 168.1761  1.00263996 97233
GORIZONT 3 [-]          
1 11648U 79105A   15113.75176597  .00000105  00000-0  00000+0 0  9995
2 11648  13.8976 333.7375 0015798 150.7432  36.9514  1.00269317 81623
GORIZONT 4 [-]          
1 11841U 80049A   15119.24174646 -.00000025  00000-0  00000+0 0  9994
2 11841  14.7943 337.8596 0003907 202.2332  27.8895  0.98627517193433
GORIZONT 5 [-]          
1 13092U 82020A   15118.52610483 -.00000194  00000-0  00000+0 0  9996
2 13092  15.4135 342.6386 0036306 142.7225 103.9780  0.98533340 81506
GORIZONT 6 [-]          
1 13624U 82103A   15118.54494083  .00000068  00000-0  00000+0 0  9996
2 13624  14.2658 342.5222 0005027 164.4351  95.0511  1.00293226 80141
GORIZONT 7 [-]          
1 14160U 83066A   15120.08143260  .00000000  00000-0  10000-3 0  9992
2 14160  15.2970 349.9395 0012202 229.7871 130.0729  0.98342762114798
GORIZONT 8 [-]          
1 14532U 83118A   15117.84543447 -.00000092  00000-0  00000+0 0  9991
2 14532  15.3182 351.4979 0027212  85.8320 117.9336  0.98269343 80557
GORIZONT 9 [-]          
1 14940U 84041A   15118.84526051 -.00000134  00000-0  00000+0 0  9990
2 14940  14.5845 350.3163 0008433 166.5634  79.5071  1.00322756 81236
GORIZONT 10 [-]         
1 15144U 84078A   15119.16124211  .00000093  00000-0  00000+0 0  9998
2 15144  14.5858 351.3257 0003798 192.4443 303.4343  1.00198343113822
GORIZONT 11 [-]         
1 15484U 85007A   15119.97318656  .00000116  00000-0  00000+0 0  9991
2 15484  14.5917 353.0385 0003537 140.0192 107.3142  1.00187612111853
GORIZONT 12 [-]         
1 16769U 86044A   15120.10782036  .00000000  00000-0  10000-3 0  9991
2 16769  14.7283 357.8555 0005240 176.0653 183.9041  1.00221486106493
GORIZONT 13 [-]         
1 17083U 86090A   15120.23213463 -.00000108  00000-0  00000+0 0  9994
2 17083  16.0303   3.4535 0014476 254.0058 330.6867  0.96725268 79330
GORIZONT 14 [-]         
1 17969U 87040A   15119.82213336 -.00000117  00000-0  00000+0 0  9995
2 17969  15.7879 355.9845 0031746 109.7440  78.8451  0.97658334 80147
GORIZONT 15 [-]         
1 19017U 88028A   15116.87468269 -.00000192  00000-0  00000+0 0  9990
2 19017  15.9467   7.0656 0037095  90.7424  66.5549  0.97829452 79676
GORIZONT 16 [-]         
1 19397U 88071A   15119.21228550 -.00000076  00000-0  00000+0 0  9998
2 19397  14.8855   6.0884 0010701 340.7493 201.4810  0.99965225 97578
GORIZONT 17 [-]         
1 19765U 89004A   15119.21900142 -.00000012  00000-0  00000+0 0  9998
2 19765  15.1149   8.9021 0021030  68.6442 117.4026  0.99063403 95275
GORIZONT 18 [-]         
1 20107U 89052A   15119.13814889 -.00000229  00000-0  00000+0 0  9996
2 20107  15.0086  10.3039 0035941 239.6336 313.9676  0.99399986 93977
GORIZONT 19 [-]         
1 20263U 89081A   15118.97982003  .00000103  00000-0  00000+0 0  9996
2 20263  14.7956   9.8648 0005748 174.1370  68.6948  1.00320605 93706
GORIZONT 20 [-]         
1 20659U 90054A   15116.77385698  .00000031  00000-0  00000+0 0  9990
2 20659  14.9140  12.9031 0008947 129.7994  47.0443  1.00300453 90881
GORIZONT 21 [-]         
1 20923U 90094A   15117.10970278 -.00000103  00000-0  00000+0 0  9991
2 20923  14.8379  13.7303 0007213 159.5695  71.8850  1.00292912 89642
GORIZONT 22 [-]         
1 20953U 90102A   15116.66691424 -.00000300  00000-0  00000+0 0  9996
2 20953  14.7630  13.9751 0003498 209.8292  11.5799  1.00269176 89599
GORIZONT 23 [-]         
1 21533U 91046A   15120.00651323  .00000000  00000-0  10000-3 0  9997
2 21533  15.1036  17.5403 0006129 204.3005 155.6291  0.98907156 80501
GORIZONT 24 [-]         
1 21759U 91074A   15117.82776222 -.00000017  00000-0  00000+0 0  9994
2 21759  15.0623  19.1046 0021683 156.4389  31.9662  0.98441579 84983
GORIZONT 25 [-]         
1 21922U 92017A   15115.58438088 -.00000374  00000-0  00000+0 0  9996
2 21922  14.6436  19.0639 0024384   8.9223 163.5838  0.99853781 84281
GORIZONT 26 [-]         
1 22041U 92043A   15120.25327605  .00000000  00000-0  10000-3 0  9990
2 22041  14.6188  20.5583 0034114 161.9444 198.1299  0.99235434 83137
GORIZONT 27 [-]         
1 22245U 92082A   15119.95866956  .00000000  00000-0  10000-3 0  9991
2 22245  14.5406  20.9337 0010132 276.2090  83.6310  1.00211986 86401
GORIZONT 28 [-]         
1 22880U 93069A   15116.74527568 -.00000076  00000-0  00000+0 0  9998
2 22880  14.2761  24.2475 0033232  64.7330 118.0728  0.99646606 78584
GORIZONT 29 [-]         
1 22907U 93072A   15118.46906510  .00000068  00000-0  00000+0 0  9991
2 22907  14.2335  24.0397 0010034 249.6131 303.1347  1.00152917 78461
GORIZONT 30 [-]         
1 23108U 94030A   15118.09955810 -.00000128  00000-0  00000+0 0  9994
2 23108  14.1378  25.0693 0004656 153.1116  60.8182  1.00266290 76693
GORIZONT 31 [-]         
1 23775U 96005A   15118.05985745 -.00000291  00000-0  00000+0 0  9995
2 23775  13.4031  30.5102 0022740 132.7272  36.3187  0.99896448 70415
GORIZONT 32 [-]         
1 23880U 96034A   15115.00527377  .00000055  00000-0  00000+0 0  9996
2 23880  13.2863  31.2634 0008157 248.8322 310.2932  1.00188848 69255
GORIZONT 33 [-]         
1 26372U 00029A   15120.03546897  .00000090  00000-0  00000+0 0  9990
2 26372  10.9313  40.2599 0002540  85.6403 120.3856  1.00330675 54644
