MTI                     
1 26102U 00014A   15120.85295888  .00013820  00000-0  41034-3 0  9997
2 26102  97.4803 256.0851 0011205 190.6696 320.6964 15.34849416834591
CFESAT                  
1 30777U 07006F   15119.93738915  .00009761  00000-0  41139-3 0  9993
2 30777  35.4268 318.9926 0002214 189.8770 170.1909 15.22627679448764
NFIRE                   
1 31140U 07014A   15120.16186535  .00012022  00000-0  25801-3 0  9991
2 31140  48.2183 345.7269 0013075 324.2146 179.6638 15.44935307454443
SPIRALE A               
1 33751U 09008C   15120.47118492  .00000023  00000-0  88411-5 0  9993
2 33751   2.0108 212.0988 5614544 340.7152   4.5971  4.58061834 75101
SPIRALE B               
1 33752U 09008D   15120.06100180  .00012729  00000-0  24598-2 0  9993
2 33752   2.1132  28.1055 7027552 338.2363   2.8736  2.61266151 54137
SAPPHIRE                
1 39088U 13009C   15120.54047155  .00000161  00000-0  73270-4 0  9992
2 39088  98.6046 318.3074 0012212  79.9195 280.3397 14.34030312113779
