CALSPHERE 1             
1 00900U 64063C   15119.81783534  .00000556  00000-0  59776-3 0  9997
2 00900  90.1430 359.8974 0025337 298.0744  61.7857 13.72403155513089
CALSPHERE 2             
1 00902U 64063E   15119.20126569  .00000034  00000-0  37908-4 0  9996
2 00902  90.1475   2.2310 0019109 147.2833 332.3873 13.52609194306902
LCS 1                   
1 01361U 65034C   15118.13252375  .00000014  00000-0  69927-3 0  9994
2 01361  32.1375 115.8969 0011862 141.4590 218.6756  9.89288447807363
TEMPSAT 1               
1 01512U 65065E   15118.83351250  .00000044  00000-0  68969-4 0  9994
2 01512  89.7969 256.7994 0070977 147.7131 330.8118 13.33373436418008
CALSPHERE 4(A)          
1 01520U 65065H   15119.20100962  .00000120  00000-0  21518-3 0  9990
2 01520  90.1077 115.2433 0070834  52.5417  78.4365 13.35647062420139
OPS 5712 (P/L 160)      
1 02826U 67053A   15120.50133631  .00002384  00000-0  68444-3 0  9996
2 02826  69.9304 258.8987 0004103  39.5285 320.6145 14.46073334476023
OPS 5712 (P/L 153)      
1 02874U 67053H   15120.20003493  .00000028  00000-0  59066-4 0  9992
2 02874  69.9735 184.5974 0004815  63.9152   0.9494 13.96218091439635
SURCAL 150B             
1 02909U 67053J   15120.47592635  .00003074  00000-0  69017-3 0  9991
2 02909  69.9527   5.1731 0004835 185.8930 174.2151 14.57466860483666
RIGIDSPHERE 2 (LCS 4)   
1 05398U 71067E   15120.45129932  .00000550  00000-0  18996-3 0  9996
2 05398  87.6268  20.8822 0063035 334.0083  25.7951 14.33148128291235
