SCD 1                   
1 22490U 93009B   15120.25604199  .00000461  00000-0  78825-4 0  9998
2 22490  24.9699  60.1344 0043219  33.4861  98.7578 14.44322995172861
TRMM                    
1 25063U 97074A   15120.56458656  .00157844  00000-0  58159-3 0  9997
2 25063  34.9476 170.4258 0002858 142.8843 343.5347 15.86770859994468
TECHSAT 1B (GO-32)      
1 25397U 98043D   15120.09861291  .00000060  00000-0  45197-4 0  9991
2 25397  98.5156  72.0596 0002439  97.8033 323.0025 14.23539230872957
SCD 2                   
1 25504U 98060A   15120.49093531  .00000381  00000-0  57583-4 0  9996
2 25504  24.9952 257.0066 0017534  80.9753 334.8198 14.43865204872276
LANDSAT 7               
1 25682U 99020A   15120.82309352  .00000413  00000-0  10172-3 0  9996
2 25682  98.2190 191.3539 0000690  82.0681 278.0560 14.57106075853241
DLR-TUBSAT              
1 25757U 99029B   15120.72112365  .00000165  00000-0  52899-4 0  9990
2 25757  98.4594  19.4956 0015175 154.1420 206.0537 14.51267029843552
QUIKSCAT                
1 25789U 99034A   15120.59775174  .00000057  00000-0  41155-4 0  9992
2 25789  98.6126 310.2710 0001755 116.1123 244.0238 14.27198254826127
IKONOS 2                
1 25919U 99051A   15120.83654738  .00001606  00000-0  18940-3 0  9991
2 25919  98.0831 196.8764 0008091 170.1249 190.0122 14.86185575833896
TERRA                   
1 25994U 99068A   15120.83597514  .00000439  00000-0  10759-3 0  9993
2 25994  98.2144 196.0479 0001115  85.6917 274.4404 14.57085003817328
EO-1                    
1 26619U 00075A   15120.83776999  .00000359  00000-0  77249-4 0  9993
2 26619  97.9372 171.7910 0011019  57.3444 302.8755 14.63976060769631
EROS A1                 
1 26631U 00079A   15120.88614034  .00037849  00000-0  10338-2 0  9995
2 26631  97.5516 209.5958 0007687 189.2991 307.7024 15.37282347799255
BADR-B                  
1 27003U 01056C   15119.87115787  .00000002  00000-0  50077-4 0  9990
2 27003  99.2363 275.7204 0019972 200.6725 284.4497 13.70200447669370
MAROC-TUBSAT            
1 27004U 01056D   15119.45608653 -.00000001  00000-0  46486-4 0  9993
2 27004  99.2414 274.6421 0019520 203.6560 225.8225 13.70103069669275
SPOT 5                  
1 27421U 02021A   15120.82537692 -.00000039  00000-0  14000-5 0  9995
2 27421  98.5170 178.1473 0001058  85.3692  46.2739 14.20892252673402
AQUA                    
1 27424U 02022A   15120.12463251  .00000638  00000-0  15154-3 0  9994
2 27424  98.1924  61.8420 0001796  60.4200  65.6910 14.57116486690825
IRS-P6 (RESOURCESAT-1)  
1 28051U 03046A   15120.79203923  .00000208  00000-0  11489-3 0  9999
2 28051  98.6918 199.8552 0004962  68.5284 291.6416 14.21644006598685
TANSUO 1 (TS 1)         
1 28220U 04012A   15120.50149124  .00002238  00000-0  19866-3 0  9994
2 28220  97.5917  81.2046 0009306 239.9732 259.0348 14.97120219599828
FORMOSAT-2 (ROCSAT 2)   
1 28254U 04018A   15120.86730606  .00000105  00000-0  10000-3 0  9999
2 28254  98.9971 186.6628 0002907 124.7239   6.5213 14.00775303559634
AURA                    
1 28376U 04026A   15120.38080848  .00000708  00000-0  16721-3 0  9991
2 28376  98.1885  64.2705 0001395  61.2244 298.9096 14.57098128573911
IRS-P5 (CARTOSAT-1)     
1 28649U 05017A   15120.68814471  .00001589  00000-0  19962-3 0  9993
2 28649  97.8004 193.0454 0002472  68.3525 291.7979 14.83479783540567
SINAH 1                 
1 28893U 05043D   15120.10241969  .00000439  00000-0  97940-4 0  9992
2 28893  97.8211 307.9030 0016764  91.3392  20.6695 14.61103746506678
EROS B                  
1 29079U 06014A   15120.72616572  .00013054  00000-0  61195-3 0  9991
2 29079  97.4582 239.1443 0012403 238.8485 252.7416 15.19746704499843
RESURS-DK 1             
1 29228U 06021A   15120.80918566  .00000984  00000-0  83508-4 0  9993
2 29228  69.9379 277.4925 0001640 117.0187  21.8814 15.01445745491239
ARIRANG-2 (KOMPSAT-2)   
1 29268U 06031A   15120.80459933  .00000516  00000-0  11250-3 0  9991
2 29268  98.1649  21.1421 0017056 287.2572  72.6760 14.61865606467254
LAPAN-TUBSAT            
1 29709U 07001A   15120.81197551  .00000665  00000-0  90485-4 0  9998
2 29709  97.6269 117.9900 0014096 117.6569 242.6050 14.81724832448702
CARTOSAT-2 (IRS-P7)     
1 29710U 07001B   15120.78524838 -.00006382  00000-0 -86518-3 0  9993
2 29710  97.8983 180.5679 0002723 109.1213 251.0194 14.78652339448165
HAIYANG-1B              
1 31113U 07010A   15120.87639927  .00000308  00000-0  13723-3 0  9997
2 31113  98.6783 172.5505 0013516 236.5094 123.4788 14.29741944420231
COSMO-SKYMED 1          
1 31598U 07023A   15120.84655532  .00000366  00000-0  52526-4 0  9994
2 31598  97.8846 305.4967 0001174  80.4986 279.6359 14.82150052427150
TERRASAR-X              
1 31698U 07026A   15120.80169403  .00002283  00000-0  11191-3 0  9993
2 31698  97.4461 128.5615 0001701  89.7031 270.4399 15.19145180436704
WORLDVIEW-1 (WV-1)      
1 32060U 07041A   15120.71265046  .00007174  00000-0  29617-3 0  9990
2 32060  97.8585 213.3137 0003397 190.5857 330.4848 15.24356092423659
YAOGAN 3                
1 32289U 07055A   15120.87847757  .00000601  00000-0  85535-4 0  9990
2 32289  97.9631 115.4953 0001210  60.4291 299.7067 14.80419412403567
COSMO-SKYMED 2          
1 32376U 07059A   15120.81280181  .00000668  00000-0  90509-4 0  9997
2 32376  97.8839 305.4607 0001448  82.1953 277.9433 14.82149954399897
RADARSAT-2              
1 32382U 07061A   15120.89603221  .00000075  00000-0  45804-4 0  9999
2 32382  98.5766 128.8212 0001222  82.0849  34.3058 14.29983782385061
CARTOSAT-2A             
1 32783U 08021A   15120.82998234  .00000023  00000-0  10217-4 0  9998
2 32783  97.8935 180.4867 0011677 318.5906  41.4391 14.78671009378119
IMS-1                   
1 32786U 08021D   15120.79505711  .00002137  00000-0  26567-3 0  9993
2 32786  97.6605 157.9882 0010785 250.4742 109.5241 14.83507069378605
JASON 2 (OSTM)          
1 33105U 08032A   15120.61947240 -.00000034  00000-0  11906-3 0  9995
2 33105  66.0414 298.8908 0007752 272.6428 212.2299 12.80931115320879
RAPIDEYE 2              
1 33312U 08040A   15120.78328051  .00000816  00000-0  11498-3 0  9998
2 33312  97.8714 208.2619 0012282   4.4175 355.7137 14.79880078360242
RAPIDEYE 5              
1 33313U 08040B   15120.74053711  .00000851  00000-0  11944-3 0  9998
2 33313  97.8615 206.5694 0016280 233.1750 126.7972 14.79875261360183
RAPIDEYE 1              
1 33314U 08040C   15120.79627975  .00000820  00000-0  11514-3 0  9992
2 33314  97.8682 208.0654 0024448  14.6476 345.5434 14.79873218360233
RAPIDEYE 3              
1 33315U 08040D   15120.76661628  .00000790  00000-0  11144-3 0  9998
2 33315  97.8595 206.3341 0011744 312.0188  48.0008 14.79880965360195
RAPIDEYE 4              
1 33316U 08040E   15120.68492311  .00000837  00000-0  11767-3 0  9994
2 33316  97.8576 205.9128 0010921 255.1913 104.8086 14.79876845360179
HUANJING 1A (HJ-1A)     
1 33320U 08041A   15120.80532377  .00001349  00000-0  20191-3 0  9991
2 33320  98.0339 183.0032 0026916  14.6594 345.5373 14.76110712357921
HUANJING 1B (HJ-1B)     
1 33321U 08041B   15120.77389567  .00001525  00000-0  22605-3 0  9997
2 33321  98.0370 183.7106 0036021  29.8181 330.5057 14.76138565357901
GEOEYE 1                
1 33331U 08042A   15120.78811526  .00000472  00000-0  97996-4 0  9991
2 33331  98.1093 196.5604 0009367 181.6251 178.4914 14.64520576355192
THEOS                   
1 33396U 08049A   15120.86279957  .00000170  00000-0  10000-3 0  9999
2 33396  98.6671 188.1069 0001022  88.5058  46.7583 14.20042583341016
COSMO-SKYMED 3          
1 33412U 08054A   15120.80013181 -.00002553  00000-0 -31438-3 0  9990
2 33412  97.8845 305.4478 0001228  82.6397 277.5042 14.82136279352353
YAOGAN 4                
1 33446U 08061A   15120.87486572  .00000961  00000-0  14665-3 0  9992
2 33446  97.6492 151.9187 0015888 316.0326  43.9623 14.75909493345192
GOSAT (IBUKI)           
1 33492U 09002A   15120.86055803 -.00000207  00000-0 -27991-4 0  9999
2 33492  98.0686 230.4543 0001332 101.2448 258.8938 14.67545395335676
YAOGAN 6                
1 34839U 09021A   15120.81047545  .00004330  00000-0  18556-3 0  9990
2 34839  97.2469 190.5768 0030372 192.0209 274.3239 15.22858582333993
DEIMOS-1                
1 35681U 09041A   15120.84121987  .00000547  00000-0  96491-4 0  9995
2 35681  98.0341  16.0052 0000675 356.5749   3.5454 14.71343187308675
DUBAISAT-1              
1 35682U 09041B   15120.84201196  .00000583  00000-0  10942-3 0  9993
2 35682  97.9074   1.4242 0013023 112.7887 247.4694 14.68151836307984
OCEANSAT 2              
1 35931U 09051A   15119.81606501  .00000522  00000-0  14351-3 0  9996
2 35931  98.2678 214.4150 0003890  74.3772  78.0821 14.50867996296457
WORLDVIEW-2 (WV-2)      
1 35946U 09055A   15120.80722495  .00000155  00000-0  65778-4 0  9990
2 35946  98.3893 197.2444 0000526 101.8964 258.2280 14.37792907291662
SMOS                    
1 36036U 09059A   15119.61581330  .00000297  00000-0  10872-3 0  9994
2 36036  98.4457 307.4096 0001147  93.5692 266.5627 14.39750501288437
YAOGAN 7                
1 36110U 09069A   15120.79489371  .00000735  00000-0  11611-3 0  9990
2 36110  98.1065 261.8760 0025620  82.5912 277.8195 14.75136160290121
TANDEM-X                
1 36605U 10030A   15120.80169257  .00001428  00000-0  71192-4 0  9990
2 36605  97.4461 128.5918 0001327  90.8269 269.3118 15.19144753269449
CARTOSAT 2B             
1 36795U 10035A   15120.93338355  .00000941  00000-0  13501-3 0  9994
2 36795  97.8978 179.8268 0015301  32.0976 328.1158 14.78715904259176
YAOGAN 10               
1 36834U 10038A   15120.76533990  .00000916  00000-0  12664-3 0  9995
2 36834  97.8885 116.9026 0001333  62.5962 297.5367 14.80411659255297
COSMO-SKYMED 4          
1 37216U 10060A   15120.76215295 -.00001429  00000-0 -17302-3 0  9996
2 37216  97.8841 305.4081 0001251  79.6194 280.5166 14.82143440242438
SAC-D                   
1 37673U 11024A   15120.09368058  .00000473  00000-0  82635-4 0  9994
2 37673  98.0121 127.7634 0001285  83.6655 316.9295 14.72324428208864
HAIYANG 2A              
1 37781U 11043A   15119.30976751 -.00000044  00000-0 -10048-6 0  9999
2 37781  99.3482 130.9173 0000158  94.9516 265.1665 13.79299666186492
RASAT                   
1 37791U 11044D   15120.79177420  .00000576  00000-0  11792-3 0  9994
2 37791  98.1596 209.4495 0023121  51.0376 309.2875 14.64339449197841
MEGHA-TROPIQUES         
1 37838U 11058A   15120.48453757  .00000388  00000-0  69917-4 0  9991
2 37838  19.9762 164.9878 0009966 162.7716 197.3027 14.09677544183095
SRMSAT                  
1 37841U 11058D   15120.19027403  .00000392  00000-0  70607-4 0  9991
2 37841  19.9705 159.2096 0011811 163.9421 243.0253 14.10470235183161
YAOGAN 13               
1 37941U 11072A   15120.83114537  .00006988  00000-0  34301-3 0  9991
2 37941  97.4517  48.0069 0003335 108.8512 326.9787 15.18390643189588
PLEIADES 1A             
1 38012U 11076F   15120.78396059  .00000559  00000-0  13010-3 0  9992
2 38012  98.1955 196.1509 0001124  87.2920 272.8392 14.58542211179395
ZIYUAN 1-02C (ZY 1-02C) 
1 38038U 11079A   15120.86661409  .00000386  00000-0  14928-3 0  9993
2 38038  98.4310 194.9782 0000661  73.6860 286.4394 14.35408493175844
ZIYUAN 3 (ZY 3)         
1 38046U 12001A   15120.89987818  .00006667  00000-0  29962-3 0  9998
2 38046  97.3689 196.5605 0001727 336.2363 147.4797 15.21463761183625
RISAT 1                 
1 38248U 12017A   15120.78850958  .00001655  00000-0  10874-3 0  9995
2 38248  97.5619 128.3911 0003305 172.3694 309.1188 15.08979359165853
ARIRANG-3 (KOMPSAT-3)   
1 38338U 12025B   15120.79398748  .00000741  00000-0  15716-3 0  9994
2 38338  98.1248  59.2478 0010422 234.2142 125.8084 14.61971526157497
KANOPUS-V 1             
1 38707U 12039A   15120.82966630  .00002671  00000-0  12835-3 0  9997
2 38707  97.4711  36.6166 0001439  71.9520   1.0446 15.19694633153826
SPOT 6                  
1 38755U 12047A   15120.79893936  .00000545  00000-0  12699-3 0  9999
2 38755  98.1561 188.2789 0001126  65.7863 294.3443 14.58567299140479
PLEIADES 1B             
1 39019U 12068A   15120.81784431  .00000442  00000-0  10496-3 0  9997
2 39019  98.2011 196.0429 0001219  88.7451 271.3884 14.58533572128256
GOKTURK 2               
1 39030U 12073A   15120.76591924  .00000473  00000-0  96210-4 0  9996
2 39030  98.0754  16.6940 0016171  67.7402 292.5503 14.65384129126343
LANDSAT 8               
1 39084U 13008A   15120.30802789  .00000348  00000-0  87284-4 0  9990
2 39084  98.1807 190.7864 0000896  93.8318 266.2970 14.57129849117639
SARAL                   
1 39086U 13009A   15120.30799741  .00000028  00000-0  26614-4 0  9991
2 39086  98.5442 308.8126 0001937  94.7626 265.3720 14.32260291113620
GAOFEN 1                
1 39150U 13018A   15120.99054771  .00000284  00000-0  48108-4 0  9991
2 39150  98.0024 203.0131 0020050  46.7572 313.3396 14.76452560108413
VNREDSAT 1              
1 39160U 13021B   15120.77817341  .00000834  00000-0  17206-3 0  9997
2 39160  98.1513 198.0093 0000904  86.9249 273.2045 14.62950262105791
ARIRANG-5 (KOMPSAT-5)   
1 39227U 13042A   15120.78034763  .00002290  00000-0  16734-3 0  9997
2 39227  97.6029 307.1451 0007173  62.8649 297.3294 15.04614177 92656
SKYSAT-1                
1 39418U 13066C   15120.84923236  .00002840  00000-0  24865-3 0  9999
2 39418  97.7577 200.4755 0022769  18.5348 341.6660 14.97321621 78554
DUBAISAT-2              
1 39419U 13066D   15120.78750096  .00002256  00000-0  22383-3 0  9999
2 39419  97.7530 196.9658 0013093 347.3176  12.7657 14.92710929 78344
GPM-CORE                
1 39574U 14009C   15120.23414702  .00019224  00000-0  27149-3 0  9998
2 39574  65.0203  49.1133 0009487 258.1455 101.8629 15.56592822 66357
SENTINEL-1A             
1 39634U 14016A   15120.76713458 -.00000195  00000-0 -31671-4 0  9996
2 39634  98.1815 128.5139 0001281  78.6845 281.4507 14.59195250 57176
KAZEOSAT 1              
1 39731U 14024A   15120.80870110  .00000317  00000-0  11027-3 0  9993
2 39731  98.4868 196.3167 0000991  79.7308 280.3990 14.41986696 52714
ALOS-2                  
1 39766U 14029A   15120.72858394 -.00000017  00000-0  46275-5 0  9990
2 39766  97.9188 218.2512 0001668  91.0940 269.0544 14.79471455 50507
KAZEOSAT 2              
1 40010U 14033A   15120.76433878  .00000721  00000-0  97163-4 0  9991
2 40010  97.9579  19.0838 0017275 293.9893  65.9509 14.82170605 46645
HODOYOSHI-4             
1 40011U 14033B   15120.76596179  .00001390  00000-0  18899-3 0  9997
2 40011  97.9558  17.9017 0025915 279.1644  80.6622 14.80193795 46574
DEIMOS-2                
1 40013U 14033D   15120.82586562  .00001677  00000-0  20802-3 0  9996
2 40013  97.9415  19.8798 0002080  34.7701 325.3638 14.83991128 46724
HODOYOSHI-3             
1 40015U 14033F   15120.76110022  .00001167  00000-0  16900-3 0  9993
2 40015  97.9532  16.5850 0036242 274.2835  85.4225 14.77598864 46500
SPOT 7                  
1 40053U 14034A   15120.83402105 -.00000045  00000-0  00000+0 0  9995
2 40053  98.1634 188.6036 0001441 103.6256 256.5130 14.58573155 44419
SKYSAT-2                
1 40072U 14037D   15120.76469105  .00001098  00000-0  15102-3 0  9995
2 40072  98.3591 190.3072 0007247  39.2621 320.9112 14.80446471 43784
WORLDVIEW-3 (WV-3)      
1 40115U 14048A   15120.76564629  .00001170  00000-0  14311-3 0  9994
2 40115  97.9556 195.9343 0002476  96.9553 263.1930 14.85124173 38588
YAOGAN 21               
1 40143U 14053A   15120.78263326  .00008256  00000-0  33048-3 0  9993
2 40143  97.3865 196.8629 0014311  66.3824  82.5150 15.25225881 35774
YAOGAN 22               
1 40275U 14063A   15120.69324510 -.00000044  00000-0  00000+0 0  9999
2 40275 100.3404 238.8007 0006521  53.1034 307.0677 13.15293600 25298
ASNARO                  
1 40298U 14070A   15120.87511454  .00008037  00000-0  38300-3 0  9994
2 40298  97.4604 203.4839 0001715  84.4203  50.5882 15.19377870 26665
HODOYOSHI-1             
1 40299U 14070B   15120.79994216  .00004805  00000-0  23278-3 0  9994
2 40299  97.4574 202.9150 0011861 302.5234 205.8789 15.18957749 26628
CHUBUSAT-1              
1 40300U 14070C   15120.82179791  .00005490  00000-0  27809-3 0  9999
2 40300  97.4541 202.3637 0021147 301.4099 169.8383 15.17200382 26592
QSAT-EOS                
1 40301U 14070D   15120.78024454  .00009356  00000-0  48116-3 0  9999
2 40301  97.4501 201.7593 0031398 300.7961 212.2100 15.16233216 26559
TSUBAME                 
1 40302U 14070E   15120.78467039  .00004957  00000-0  28256-3 0  9995
2 40302  97.4477 200.9430 0042516 303.0898 208.6626 15.12475637 26500
YAOGAN 23               
1 40305U 14071A   15120.80293508  .00006800  00000-0  33336-3 0  9994
2 40305  97.3518  65.9327 0002959 105.0558 338.1690 15.18437344 25342
YAOGAN 24               
1 40310U 14072A   15120.77887115  .00001106  00000-0  16519-3 0  9998
2 40310  97.9246 240.1020 0018494  60.7523 299.5531 14.76616195 23820
CBERS-4                 
1 40336U 14079A   15120.81512176 -.00001543  00000-0 -52252-3 0  9991
2 40336  98.5282 196.5466 0001267 115.4758 244.6647 14.35403380 20743
RESURS P2               
1 40360U 14087A   15120.71732552  .00004271  00000-0  13098-3 0  9992
2 40360  97.2857 215.7817 0006460  30.0569 125.7492 15.34290270 19163
YAOGAN 26               
1 40362U 14088A   15120.71602909  .00009754  00000-0  37775-3 0  9996
2 40362  97.4224 196.8432 0004161  29.3447 136.7896 15.26367706 18999
SMAP                    
1 40376U 15003A   15120.79098259  .00000707  00000-0  14593-3 0  9996
2 40376  98.1230 128.8959 0001413  56.8338 303.3000 14.63345598 13055
KOMPSAT 3A              
1 40536U 15014A   15120.85771725  .00004553  00000-0  27228-3 0  9991
2 40536  97.5164  60.8915 0014008 149.2727 285.9235 15.11471074  5433
