AOR-E (EGNOS/PRN 120)   
1 24307U 96053A   15120.21816868 -.00000131  00000-0  00000+0 0  9993
2 24307   1.0456  81.6758 0006318 309.4360 249.7716  1.00271636 68255
ARTEMIS (EGNOS/PRN 124) 
1 26863U 01029A   15118.07305142  .00000105  00000-0  00000+0 0  9990
2 26863  11.7648  41.6269 0000312  22.9711 198.8380  1.00275650 51627
MTSAT-1R (MSAS/PRN 129) 
1 28622U 05006A   15120.26310924  .00000000  00000-0  10000-3 0  9991
2 28622   0.1005  87.0388 0004353 310.4809  55.0373  1.00267327 36608
CRE (WAAS/PRN 138)      
1 28868U 05036A   15119.48065760 -.00000086  00000-0  00000+0 0  9993
2 28868   0.0508  66.7335 0003113 327.7920 248.3247  1.00273510 35372
CRW (WAAS/PRN 135)      
1 28884U 05041A   15119.88360524  .00000000  00000-0  10000-3 0  9997
2 28884   0.0493  52.4457 0001593 353.5958 356.5942  1.00272460 34879
IOR-W (EGNOS/PRN 126)   
1 28899U 05044A   15120.81895453  .00000130  00000-0  00000+0 0  9994
2 28899   2.4355   0.9221 0002466  45.2525 132.1711  1.00274510 34746
MTSAT-2 (MSAS/PRN 137)  
1 28937U 06004A   15119.37240613 -.00000254  00000-0  00000+0 0  9993
2 28937   0.0097 275.4218 0003599 110.8374 109.8530  1.00272704 33629
AMR (WAAS/PRN 133)      
1 33278U 08039A   15118.49621964 -.00000156  00000-0  00000+0 0  9992
2 33278   3.0137 353.8968 0002458  36.5801 266.3087  1.00272468 24483
QZS-1 (QZSS/PRN 183)    
1 37158U 10045A   15113.48847338 -.00000210  00000-0  00000+0 0  9993
2 37158  40.6085 170.7801 0754363 270.2424  79.8657  1.00247363 16894
GSAT-8 (GAGAN/PRN 127)  
1 37605U 11022A   15119.82276606  .00000075  00000-0  10000-3 0  9997
2 37605   0.0804  94.8413 0004747 202.4369 271.4223  1.00271574 14476
LUCH 5A (SDCM/PRN 140)  
1 37951U 11074B   15119.59285559  .00000000  00000-0  10000-3 0  9997
2 37951   2.3315 237.8246 0003219 184.5385 175.4742  1.00273105 12419
SES-5 (EGNOS/PRN 136)   
1 38652U 12036A   15120.81845141  .00000027  00000-0  00000+0 0  9995
2 38652   0.0610 268.6319 0001881 121.3680 128.0490  1.00273161 10306
GSAT-10 (GAGAN/PRN 128) 
1 38779U 12051B   15120.45626000  .00000000  00000-0  10000-3 0  9999
2 38779   0.0974  97.1414 0004259 212.8877 155.2504  1.00266540  8797
ASTRA 5B (EGNOS/PRN 123)
1 39617U 14011B   15119.05688309  .00000142  00000-0  00000+0 0  9995
2 39617   0.0332 359.1226 0002388 359.7438 269.8097  1.00274151  4088
LUCH 5V (SDCM/PRN 141)  
1 39727U 14023A   15119.51877385 -.00000286  00000-0  00000+0 0  9995
2 39727   4.1522 301.2680 0002990 116.2527  81.0319  1.00267976521747
