AKEBONO (EXOS-D)        
1 19822U 89016A   15119.20881765  .00030086  67148-6  66126-3 0  9993
2 19822  75.0434  78.6221 2118951 226.2177 289.1846 11.23521754819622
HST                     
1 20580U 90037B   15120.17646883  .00002015  00000-0  11881-3 0  9996
2 20580  28.4693 110.6884 0003170  83.6773  18.1188 15.07277611172556
POLAR                   
1 23802U 96013A   15114.92116532  .00000002  00000-0  00000+0 0  9996
2 23802  78.7481 290.1426 7378646 356.5986   0.1827  1.29842775 91989
SWAS                    
1 25560U 98071A   15120.17595475  .00001806  00000-0  18549-3 0  9990
2 25560  69.9011  58.1287 0011342 275.5320  84.4541 14.92199552889279
ORSTED                  
1 25635U 99008B   15120.20229877  .00000443  00000-0  11438-3 0  9994
2 25635  96.4745 197.2363 0138824 210.9545 202.7961 14.47642907853525
CXO                     
1 25867U 99040B   15120.33577394  .00000000  00000-0  10000-3 0  9994
2 25867  76.9285 309.0378 7625539 269.6113  11.5890  0.37811437 13105
XMM-NEWTON              
1 25989U 99066A   15120.31491113  .00000234  00000-0  00000+0 0  9993
2 25989  66.0898  43.6884 7968752  93.3961 359.9054  0.50323120 16985
TERRA                   
1 25994U 99068A   15120.83597514  .00000439  00000-0  10759-3 0  9993
2 25994  98.2144 196.0479 0001115  85.6917 274.4404 14.57085003817328
CLUSTER II-FM6 (SALSA)  
1 26410U 00041A   15119.81148215  .00000968  00000-0  00000+0 0  9997
2 26410 132.6318 323.7199 5902808 136.9457   0.6863  0.44451653 14055
CLUSTER II-FM7 (SAMBA)  
1 26411U 00041B   15118.00759367  .00000901  00000-0  00000+0 0  9991
2 26411 132.6405 323.9589 5828231 136.3923   0.5090  0.44256729 14123
CLUSTER II-FM5 (RUMBA)  
1 26463U 00045A   15122.62962749  .00001042  00000-0  00000+0 0  9992
2 26463 135.1498 323.0297 6023122 137.7095   0.7163  0.44207354 14649
CLUSTER II-FM8 (TANGO)  
1 26464U 00045B   15118.12479285  .00000939  00000-0  00000+0 0  9995
2 26464 131.9922 325.9612 6342152 138.0693   0.5977  0.44140201 49964
ODIN                    
1 26702U 01007A   15120.09627084  .00002624  00000-0  18941-3 0  9990
2 26702  97.6424 134.0264 0012062 176.3513 183.7804 15.04920151774364
TIMED                   
1 26998U 01055B   15120.41523183  .00000930  00000-0  10732-3 0  9999
2 26998  74.0727  64.1945 0002358 274.8772  85.2140 14.87239826725674
RHESSI                  
1 27370U 02004A   15119.40944369  .00007714  00000-0  34508-3 0  9993
2 27370  38.0357 100.0556 0013939 220.2290 139.7446 15.20970524727146
INTEGRAL                
1 27540U 02048A   15119.05579633  .00000980  00000-0  00000+0 0  9993
2 27540  53.6440 220.2142 8478866 265.4449   0.0636  0.33289491 11451
CORIOLIS                
1 27640U 03001A   15120.15903005  .00000100  00000-0  68862-4 0  9990
2 27640  98.7525 129.5799 0014640  29.3632  12.3580 14.18829179637475
SORCE                   
1 27651U 03004A   15119.82333915  .00001910  00000-0  22048-3 0  9999
2 27651  39.9956 342.1642 0022945 168.9992 191.1302 14.87560842664640
MOST                    
1 27843U 03031D   15120.51008014  .00000048  00000-0  42613-4 0  9991
2 27843  98.7163 128.6973 0011146  97.5916 262.6527 14.20470641613409
SCISAT 1                
1 27858U 03036A   15120.51426273  .00000555  00000-0  84177-4 0  9997
2 27858  73.9326 284.2699 0008606 212.5590 147.5054 14.76758197630815
SWIFT                   
1 28485U 04047A   15119.51271996  .00003471  00000-0  22775-3 0  9990
2 28485  20.5564 178.5048 0012242 121.1383 239.0252 15.01536346570755
SUZAKU (ASTRO-EII)      
1 28773U 05025A   15119.90466257  .00005091  00000-0  28073-3 0  9993
2 28773  31.3831 299.6994 0005024  97.5275 262.5942 15.12478666539117
FORMOSAT-3 FM6          
1 29047U 06011A   15119.84866813  .00000259  00000-0  11880-3 0  9998
2 29047  71.9805 337.1032 0049671  55.2671 305.3128 14.28318645473486
FORMOSAT-3 FM1          
1 29048U 06011B   15120.51217701  .00000216  00000-0  10226-3 0  9997
2 29048  71.9689 248.7423 0044159   6.8936  62.8074 14.28289160476061
FORMOSAT-3 FM5          
1 29049U 06011C   15120.16829922  .00000356  00000-0  15788-3 0  9996
2 29049  72.0216  50.4940 0033604  51.7617  48.6510 14.28299881471782
FORMOSAT-3 FM3          
1 29050U 06011D   15120.27266943  .00000882  00000-0  20000-3 0  9995
2 29050  72.0181  26.5884 0049618 132.6772 227.8577 14.57761495483020
FORMOSAT-3 FM4          
1 29051U 06011E   15119.54829622  .00000290  00000-0  12947-3 0  9997
2 29051  72.0064 317.1708 0069894 287.5656  71.7853 14.28302820474286
FORMOSAT-3 FM2          
1 29052U 06011F   15120.26190869  .00000331  00000-0  14759-3 0  9992
2 29052  72.0369  24.4027 0039951  15.4617 127.1204 14.28406958472701
CLOUDSAT                
1 29107U 06016A   15119.96531679  .00000444  00000-0  10861-3 0  9996
2 29107  98.2088  64.3682 0001001  37.5684 322.5604 14.57122274478961
CALIPSO                 
1 29108U 06016B   15120.44485045  .00000852  00000-0  19908-3 0  9991
2 29108  98.1997  64.3946 0001417  78.0774 282.0577 14.57119170478964
HINODE (SOLAR-B)        
1 29479U 06041A   15120.09990708  .00000585  00000-0  11947-3 0  9996
2 29479  98.1459 120.3329 0018101 144.6277 215.6130 14.64380550459351
SJ-6C                   
1 29505U 06046A   15120.80851876  .00001349  00000-0  13285-3 0  9998
2 29505  97.7871 116.5198 0003560 134.6655 225.4855 14.93707469463641
SJ-6D                   
1 29506U 06046B   15120.90744831  .00000325  00000-0  36958-4 0  9998
2 29506  97.8012 115.4755 0001210 184.4364 175.6856 14.92712964463425
AGILE                   
1 31135U 07013A   15119.47319069  .00007373  00000-0  24672-3 0  9994
2 31135   2.4691  41.4974 0014102 145.5302 214.5667 15.24600247444266
AIM                     
1 31304U 07015A   15119.45159163  .00006733  00000-0  44641-3 0  9996
2 31304  97.9135 256.4164 0004559 260.6756  99.3955 15.07614762437227
FGRST (GLAST)           
1 33053U 08029A   15120.65608618  .00001905  00000-0  97099-4 0  9995
2 33053  25.5822 258.5897 0012357 283.6717  76.2442 15.09806045379479
IBEX                    
1 33401U 08051A   15121.23165458 -.00001092  00000-0  00000+0 0  9991
2 33401  13.7784 113.4372 4338792  50.5873   3.2123  0.09857672  2791
WISE                    
1 36119U 09071A   15120.12227338  .00005039  00000-0  20820-3 0  9996
2 36119  97.5042 135.2803 0003524 148.1059 212.0392 15.24457717297407
SDO                     
1 36395U 10005A   15118.49379522 -.00000045  00000-0  00000+0 0  9998
2 36395  28.0919 154.6348 0002237 182.3887 314.8900  1.00273462 19256
CRYOSAT 2               
1 36508U 10013A   15119.81821243  .00000124  00000-0  29904-4 0  9998
2 36508  92.0296  13.8177 0010403 107.2111 253.0236 14.52178522268059
PICARD                  
1 36598U 10028A   15120.79589565  .00000450  00000-0  12685-3 0  9999
2 36598  98.3054 305.5928 0001789 175.7850 184.3349 14.50293626257927
SPEKTR-R                
1 37755U 11037A   15117.86418781  .00000618  00000-0  00000+0 0  9991
2 37755  61.2671 107.4266 6316336 203.3333   0.2919  0.11935312  1628
GCOM-W1 (SHIZUKU)       
1 38337U 12025A   15119.82322764  .00000410  00000-0  10108-3 0  9993
2 38337  98.2058  60.4400 0001666  69.3130 290.8235 14.57096999156878
NUSTAR                  
1 38358U 12031A   15119.43705762  .00002968  00000-0  25046-3 0  9990
2 38358   6.0262 204.0692 0012925 235.2589 124.6322 14.86384318156166
RBSP A                  
1 38752U 12046A   15118.04045457 -.00000061  00000-0  56219-4 0  9998
2 38752   9.8084 192.5564 6814582 153.2302 270.1122  2.67374196 25959
RBSP B                  
1 38753U 12046B   15119.65425441 -.00000011  00000-0  14981-3 0  9996
2 38753   9.7770 195.9648 6820575 146.6967 285.5693  2.65816703 25870
NEOSSAT                 
1 39089U 13009D   15120.58944499  .00000149  00000-0  68946-4 0  9994
2 39089  98.6069 318.5722 0012238  84.1693 276.0886 14.34231483113795
BRITE-AUSTRIA           
1 39091U 13009F   15120.10401737  .00000154  00000-0  69716-4 0  9990
2 39091  98.6067 318.8539 0011714  96.1390 264.1130 14.34870254113773
UNIBRITE                
1 39092U 13009G   15120.17396429  .00000148  00000-0  67981-4 0  9994
2 39092  98.6068 318.7382 0010599  89.5326 270.7074 14.34743360113772
IRIS                    
1 39197U 13033A   15120.14423565  .00000865  00000-0  12707-3 0  9997
2 39197  97.9072 304.0267 0028393 172.1098 188.0565 14.77719806 99023
HISAKI (SPRINT-A)       
1 39253U 13049A   15120.12780571  .00000181  00000-0  15500-3 0  9993
2 39253  29.7215   2.6726 0137400 187.3655 172.4891 13.55125426 80490
CASSIOPE                
1 39265U 13055A   15119.44900304  .00016489  00000-0  51846-3 0  9995
2 39265  80.9709  96.3892 0729774 335.1046 204.0293 14.12620318 80966
DANDE                   
1 39267U 13055C   15120.18197033  .00013664  00000-0  44303-3 0  9999
2 39267  81.0015  97.3708 0743259 337.5386  19.4733 14.09102813 80962
STSAT-3                 
1 39422U 13066G   15120.75120410  .00001595  00000-0  17693-3 0  9994
2 39422  97.7452 192.8559 0022159 291.1025  68.7821 14.88484198 78084
BRITE-PL                
1 39431U 13066R   15120.32595895  .00000481  00000-0  11363-3 0  9991
2 39431  97.7043 157.9921 0203734   7.6712 352.7518 14.46454118 75841
SWARM B                 
1 39451U 13067A   15119.68420579  .00002147  00000-0  10000-3 0  9995
2 39451  87.7506 120.8232 0003918  90.6212 269.5485 15.19377236 79421
SWARM A                 
1 39452U 13067B   15120.91212081  .00006227  00000-0  16707-3 0  9994
2 39452  87.3485  93.2352 0004092  89.1908 270.9814 15.37735092 80342
SWARM C                 
1 39453U 13067C   15120.91205172  .00006166  00000-0  16543-3 0  9998
2 39453  87.3482  94.6395 0004078  89.5444 270.6277 15.37733966 80309
BRITE-TORONTO           
1 40020U 14033L   15120.64844684  .00000814  00000-0  14959-3 0  9994
2 40020  97.9395  10.4513 0087275 280.2005  78.9327 14.65936225 46010
OCO 2                   
1 40059U 14035A   15119.95808237  .00000594  00000-0  14181-3 0  9996
2 40059  98.1883  61.7776 0000964  68.5989 291.5323 14.57148131 43923
BRITE-PL 2              
1 40119U 14049B   15120.02264336  .00000955  00000-0  12286-3 0  9999
2 40119  97.9908 196.7682 0019142 107.6158 252.7126 14.83366050 37622
RESURS P2               
1 40360U 14087A   15120.71732552  .00004271  00000-0  13098-3 0  9992
2 40360  97.2857 215.7817 0006460  30.0569 125.7492 15.34290270 19163
MMS 1                   
1 40482U 15011A   15119.78940627 -.00000556  00000-0  00000+0 0  9992
2 40482  28.9548  26.7335 8165806  28.0957   0.5851  1.00465523   484
MMS 2                   
1 40483U 15011B   15120.78041992 -.00000001  00000-0  10000-3 0  9992
2 40483  29.0161  26.6080 8174787  28.2959 358.0054  1.00464350   489
MMS 3                   
1 40484U 15011C   15120.78204378  .00000016  00000-0  10000-3 0  9997
2 40484  28.9872  26.5890 8179239  28.2927 358.0121  1.00467925   506
MMS 4                   
1 40485U 15011D   15120.78340993  .00000000  00000-0  10000-3 0  9995
2 40485  28.9886  26.5661 8183427  28.2804 358.0191  1.00469563   491
