ISS (ZARYA)             
1 25544U 98067A   15305.48861694  .00009749  00000-0  15091-3 0  9998
2 25544  51.6435 118.8193 0006784  99.4264 289.9384 15.54738918969408
TIANGONG 1              
1 37820U 11053A   15306.07732067  .00028110  00000-0  25843-3 0  9994
2 37820  42.7640 169.0913 0016593 260.7277 225.4828 15.66939188234915
SPINSAT                 
1 40314U 98067FL  15305.52092402  .00025639  00000-0  25504-3 0  9994
2 40314  51.6389 107.8067 0005448 256.9618 103.0770 15.65531379104146
FLOCK 1B-27             
1 40422U 98067FN  15287.40141468  .12345523  12126-4  18481-2 0  9998
2 40422  51.6214 176.1519 0007733 223.4824 136.5742 16.33460552 44986
FLOCK 1B-21             
1 40427U 98067FQ  15285.15460855  .07377933  12094-4  12919-2 0  9995
2 40427  51.6373 188.1715 0005804 192.9707 167.8607 16.31966186 44658
FLOCK 1D-1              
1 40451U 98067FU  15286.21737536  .23981306  12451-4  98879-3 0  9993
2 40451  51.6016 180.9501 0006721 248.3966 111.7479 16.43343702 44824
FLOCK 1D-2              
1 40452U 98067FV  15306.00626309  .00146144  00000-0  68185-3 0  9997
2 40452  51.6337  94.9816 0006963 277.4745 177.4561 15.82321124 47730
FLOCK 1B-6              
1 40454U 98067FX  15289.07090480  .13466187  12217-4  19252-2 0  9994
2 40454  51.5995 170.0820 0007749 264.0906  96.1726 16.33901976 45213
GEARRS-1                
1 40456U 98067FZ  15305.88498488  .00999522  61370-3  92609-3 0  9995
2 40456  51.6334  84.5049 0010321 304.1440  55.8595 16.11610588 47865
PROGRESS-M 28M          
1 40713U 15031A   15304.53799902  .00009511  00000-0  14750-3 0  9998
2 40713  51.6435 123.5638 0006844  97.2640   7.9374 15.54718452 18730
FLOCK 1E-2              
1 40722U 98067GE  15306.00487362  .00128968  00000-0  12743-2 0  9993
2 40722  51.6403 112.3914 0004115 291.1790 153.4489 15.64958432 17343
FLOCK 1E-1              
1 40723U 98067GF  15306.12070813  .00060838  00000-0  68038-3 0  9996
2 40723  51.6457 112.3702 0002455 284.5139 186.1820 15.62140016 17303
FLOCK 1E-4              
1 40724U 98067GG  15305.95039108  .00039091  00000-0  44383-3 0  9993
2 40724  51.6428 113.4295 0003985 223.4087 272.2363 15.61938246 17278
FLOCK 1E-3              
1 40725U 98067GH  15305.93358175  .00067968  00000-0  71531-3 0  9999
2 40725  51.6415 112.5741 0006136 208.8905 282.2530 15.63633879 17259
FLOCK 1E-7              
1 40726U 98067GJ  15305.99886726  .00036295  00000-0  41347-3 0  9995
2 40726  51.6418 113.1147 0002750 304.3647 136.5708 15.61891486 17136
FLOCK 1E-8              
1 40727U 98067GK  15305.99911089  .00039746  00000-0  44901-3 0  9990
2 40727  51.6430 113.1184 0002909 293.1889 148.0924 15.62063498 17123
FLOCK 1E-5              
1 40728U 98067GL  15305.87673612  .00037812  00000-0  42668-3 0  9995
2 40728  51.6415 113.6527 0004573 274.3281 236.9720 15.62110251 17119
FLOCK 1E-6              
1 40729U 98067GM  15305.92150572  .00064533  00000-0  71048-3 0  9991
2 40729  51.6438 113.3182 0004171 253.3435 201.3163 15.62513253 17139
FLOCK 1E-9              
1 40736U 98067GN  15305.96510902  .00035699  00000-0  41333-3 0  9995
2 40736  51.6423 113.5275 0001219 265.4442 231.1278 15.61480153 17104
FLOCK 1E-10             
1 40737U 98067GP  15305.89584225  .00037043  00000-0  42318-3 0  9996
2 40737  51.6414 113.7836 0001296 270.8882 239.8783 15.61810121 17101
FLOCK 1E-11             
1 40738U 98067GQ  15306.12238608  .00035241  00000-0  37721-3 0  9995
2 40738  51.6414 111.6202 0003860 251.5942 220.7942 15.63504898 16971
FLOCK 1E-12             
1 40739U 98067GR  15305.69007319  .00035178  00000-0  40367-3 0  9999
2 40739  51.6412 114.7830 0004877 262.5403 188.1805 15.61709609 16907
FLOCK 1E-13             
1 40740U 98067GS  15305.87905427  .00038167  00000-0  43041-3 0  9991
2 40740  51.6426 113.6741 0002377 293.6249 216.6544 15.62129828 16917
FLOCK 1E-14             
1 40741U 98067GT  15305.87417807  .00037719  00000-0  42434-3 0  9999
2 40741  51.6426 113.6604 0002125 285.2846 217.9021 15.62197672 16902
ARKYD-3R                
1 40742U 98067GU  15305.89609493  .00160057  00000-0  11668-2 0  9992
2 40742  51.6405 110.7729 0003515 267.7177 243.2130 15.72261268 16943
CENTENNIAL 1            
1 40743U 98067GV  15306.11526888  .00118731  00000-0  10156-2 0  9998
2 40743  51.6410 110.8282 0003735 302.1199 169.3252 15.68574670 16961
SOYUZ-TMA 17M           
1 40744U 15035A   15304.53799902  .00009511  00000-0  14750-3 0  9996
2 40744  51.6435 123.5638 0006844  97.2640   7.9374 15.54718452 15663
SOYUZ-TMA 18M           
1 40885U 15043A   15304.53799902  .00009511  00000-0  14750-3 0  9991
2 40885  51.6435 123.5638 0006844  97.2640   7.9374 15.54718452  9246
SERPENS                 
1 40897U 98067GX  15305.85951010  .00070860  00000-0  87769-3 0  9992
2 40897  51.6404 116.1153 0005353 119.2246 240.9283 15.59400781  6957
S-CUBE                  
1 40898U 98067GY  15305.82492873  .00034571  00000-0  47173-3 0  9991
2 40898  51.6406 116.6319 0007444  96.7092 263.4748 15.57127173  6944
PROGRESS-M 29M          
1 40944U 15055A   15304.53799902  .00009511  00000-0  14750-3 0  9990
2 40944  51.6435 123.5638 0006844  97.2640   7.9374 15.54718452  4641
