TDRS 3                  
1 19548U 88091B   15119.37694698 -.00000303  00000-0  00000+0 0  9998
2 19548  14.5989  16.5515 0037803 306.1427 327.5267  1.00265699 84598
HST                     
1 20580U 90037B   15120.17646883  .00002015  00000-0  11881-3 0  9996
2 20580  28.4693 110.6884 0003170  83.6773  18.1188 15.07277611172556
TDRS 5                  
1 21639U 91054B   15120.60379150  .00000089  00000-0  00000+0 0  9996
2 21639  13.6919  30.0355 0020616 335.4496 262.3737  1.00276745 86957
TDRS 6                  
1 22314U 93003B   15117.44400212 -.00000298  00000-0  00000+0 0  9998
2 22314  13.1555  32.9039 0004931 330.4074 325.3884  1.00264129 81588
TDRS 7                  
1 23613U 95035B   15120.22556049  .00000000  00000-0  10000-3 0  9993
2 23613  14.4804  23.7005 0023919  13.6702 346.3473  1.00264350 72402
TRMM                    
1 25063U 97074A   15120.56458656  .00157844  00000-0  58159-3 0  9997
2 25063  34.9476 170.4258 0002858 142.8843 343.5347 15.86770859994468
ISS (ZARYA)             
1 25544U 98067A   15120.74341693  .00014059  00000-0  20276-3 0  9995
2 25544  51.6473 321.0058 0005242 285.2402 175.4942 15.56267061940658
LANDSAT 7               
1 25682U 99020A   15120.82309352  .00000413  00000-0  10172-3 0  9996
2 25682  98.2190 191.3539 0000690  82.0681 278.0560 14.57106075853241
TERRA                   
1 25994U 99068A   15120.83597514  .00000439  00000-0  10759-3 0  9993
2 25994  98.2144 196.0479 0001115  85.6917 274.4404 14.57085003817328
TDRS 8                  
1 26388U 00034A   15120.32243993  .00000000  00000-0  10000-3 0  9992
2 26388   6.1157  63.2768 0002393 311.1600  48.7555  1.00269443 54406
EO-1                    
1 26619U 00075A   15120.83776999  .00000359  00000-0  77249-4 0  9993
2 26619  97.9372 171.7910 0011019  57.3444 302.8755 14.63976060769631
TIMED                   
1 26998U 01055B   15120.41523183  .00000930  00000-0  10732-3 0  9999
2 26998  74.0727  64.1945 0002358 274.8772  85.2140 14.87239826725674
TDRS 9                  
1 27389U 02011A   15118.15441218 -.00000187  00000-0  10000-3 0  9996
2 27389   3.6278  91.2653 0006304 236.0400 276.1905  1.00468283 49657
AQUA                    
1 27424U 02022A   15120.12463251  .00000638  00000-0  15154-3 0  9994
2 27424  98.1924  61.8420 0001796  60.4200  65.6910 14.57116486690825
TDRS 10                 
1 27566U 02055A   15118.79005597  .00000072  00000-0  00000+0 0  9994
2 27566   3.6426  61.9810 0006602 231.7832  32.6224  1.00272028 45453
SORCE                   
1 27651U 03004A   15119.82333915  .00001910  00000-0  22048-3 0  9999
2 27651  39.9956 342.1642 0022945 168.9992 191.1302 14.87560842664640
AURA                    
1 28376U 04026A   15120.38080848  .00000708  00000-0  16721-3 0  9991
2 28376  98.1885  64.2705 0001395  61.2244 298.9096 14.57098128573911
SWIFT                   
1 28485U 04047A   15119.51271996  .00003471  00000-0  22775-3 0  9990
2 28485  20.5564 178.5048 0012242 121.1383 239.0252 15.01536346570755
THEMIS A                
1 30580U 07004A   15120.48847421 -.00000498  00000-0  30181-1 0  9990
2 30580  13.4098 326.9843 8302928 262.1377   1.5879  1.00205532 29816
THEMIS D                
1 30797U 07004D   15120.56207526 -.00000447  00000-0  34144-1 0  9992
2 30797   8.2029 307.7827 8290657 281.0613   2.2644  1.00407573 29670
THEMIS E                
1 30798U 07004E   15119.53827242 -.00000664  00000-0  27799-2 0  9991
2 30798   9.1415 320.9307 8292259 268.9678   7.0859  1.00311026 29819
AIM                     
1 31304U 07015A   15119.45159163  .00006733  00000-0  44641-3 0  9996
2 31304  97.9135 256.4164 0004559 260.6756  99.3955 15.07614762437227
C/NOFS                  
1 32765U 08017A   15117.12295272  .00089294  00000-0  11889-2 0  9995
2 32765  12.9989  70.2506 0103782  11.5772  92.1133 15.49972716385014
FGRST (GLAST)           
1 33053U 08029A   15120.65608618  .00001905  00000-0  97099-4 0  9995
2 33053  25.5822 258.5897 0012357 283.6717  76.2442 15.09806045379479
WISE                    
1 36119U 09071A   15120.12227338  .00005039  00000-0  20820-3 0  9996
2 36119  97.5042 135.2803 0003524 148.1059 212.0392 15.24457717297407
TDRS 11                 
1 39070U 13004A   15120.26395221  .00000075  00000-0  00000+0 0  9997
2 39070   6.2946 330.0572 0007832 275.2827 256.5403  1.00279882  8247
TDRS 12                 
1 39504U 14004A   15117.24500288 -.00000296  00000-0  00000+0 0  9991
2 39504   6.6999 337.5257 0000854  53.3050 231.2300  1.00277497  4649
