DRAGON CRS-6            
1 40588U 15021A   15107.55990741  .00021328  00000-0  30900-3 0  9999
2 40588  51.6478  26.9099 0005986 222.9710 135.8879 15.55797401   436
THOR 7                  
1 40613U 15022A   15120.90017294 -.00000088  00000-0  00000+0 0  9991
2 40613   0.0966 302.2295 0277685 221.1506 356.7738  1.04648563    75
ARIANE 5 R/B            
1 40615U 15022C   15119.27298887  .00002872  00000-0  76665-3 0  9996
2 40615   5.9246 341.7723 7287740 177.9783 188.5173  2.27636489    53
ARIANE 5 DEB [SYLDA]    
1 40616U 15022D   15118.81950207  .00029694  00000-0  71122-2 0  9990
2 40616   5.9962 340.0062 7282330 179.5257 181.8023  2.28376749    41
TURKMENALEM 52E         
1 40617U 15023A   15120.92031569 -.00000141  00000-0  00000+0 0  9999
2 40617   1.7222  16.1768 1181823 179.9922 295.3575  1.19157349    80
FALCON 9 R/B            
1 40618U 15023B   15118.63059105  .00001326  00000-0  19866-3 0  9990
2 40618  25.4766  31.5906 7278988 179.4168 180.7532  2.30545727    01
PROGRESS-M 27M          
1 40619U 15024A   15120.94381548  .00676184  11927-4  23298-3 0  9996
2 40619  51.6441 318.8073 0049057  93.9779 266.6980 16.21273861   433
2015-024C               
1 40621U 15024C   15118.66871935  .70028765  11038-4  20723-1 0  9993
2 40621  51.6269 331.2161 0132478 103.0321 262.9907 16.08013177    27
2015-024D               
1 40622U 15024D   15118.66370515  .42421149  12896-4  55679-2 0  9996
2 40622  51.5072 329.9188 0097629  51.0329 312.7611 16.20906903    28
2015-024E               
1 40623U 15024E   15118.78623492  .10510993  11741-4  36746-2 0  9998
2 40623  51.6137 330.3654 0075124  94.2447 266.6766 16.17197689    52
2015-024F               
1 40624U 15024F   15118.59784289 -.00003870  12236-4  00000+0 0  9992
2 40624  51.6451 331.6776 0028083  56.3340 303.8360 16.33346738    13
2015-024G               
1 40625U 15024G   15118.78415577  .13085571  12012-4  31746-2 0  9992
2 40625  51.6431 330.5904 0048014  88.6060 271.6455 16.25073139    38
2015-024H               
1 40626U 15024H   15119.53851737  .21546381  12757-4  11915-2 0  9991
2 40626  51.6037 326.9902 0087643  60.3182 304.7461 16.27053928   155
2015-024J               
1 40627U 15024J   15118.72300302  .55676008  12067-4  55084-2 0  9995
2 40627  51.6309 330.9586 0045751 100.9876 259.9254 16.33058174    17
2015-024K               
1 40628U 15024K   15118.78048356  .24729218  12601-4  12861-2 0  9998
2 40628  51.6500 330.6395 0014346  46.5412 313.8042 16.41302557    14
2015-024L               
1 40629U 15024L   15118.84245559  .34654538  11951-4  61793-3 0  9999
2 40629  51.6578 330.3456 0036629 151.0546 210.2123 16.43231790    26
2015-024M               
1 40630U 15024M   15118.72137981 -.00003880  12266-4  00000+0 0  9999
2 40630  51.6684 330.9655 0017480 103.8065 256.4677 16.34641511    19
2015-024N               
1 40631U 15024N   15118.59792278 -.00003816  12067-4  00000+0 0  9999
2 40631  51.6516 331.6947 0074228 141.7588 219.0450 16.26411086    17
2015-024P               
1 40632U 15024P   15119.64124787  .40036833  12635-4  55002-3 0  9996
2 40632  51.6464 325.8765 0012160  87.2302 272.9766 16.48155227   146
2015-024Q               
1 40633U 15024Q   15120.75673736  .03643065  12055-4  70796-3 0  9997
2 40633  51.6409 319.7585 0042101 108.9452 251.6271 16.28055103   339
2015-024R               
1 40634U 15024R   15118.84195654  .06276378  12254-4  83954-3 0  9996
2 40634  51.6488 330.2745 0007891  87.6606 273.1782 16.34533379    18
