APRIZESAT 2             
1 28366U 04025A   15120.35249556  .00000100  00000-0  46160-4 0  9996
2 28366  98.3270  48.0266 0107134 219.9969 139.3292 14.36435868567772
SAUDICOMSAT 1           
1 28369U 04025D   15119.88016719  .00000386  00000-0  10565-3 0  9993
2 28369  98.0870  84.5204 0032435 268.2630  91.4851 14.52050724573686
SAUDICOMSAT 2           
1 28370U 04025E   15120.42995556  .00000383  00000-0  11503-3 0  9992
2 28370  98.2042  73.8089 0058376   7.7757 352.4327 14.47034641571827
APRIZESAT 1             
1 28372U 04025G   15120.11475873  .00000307  00000-0  91007-4 0  9999
2 28372  98.1516  78.2821 0045686 319.9000 100.3353 14.49273196572727
NANOSAT-1               
1 28493U 04049B   15120.10233251  .00000616  00000-0  10455-3 0  9990
2 28493  98.3067 165.6945 0003744 334.4296  84.0361 14.72829351556231
SAUDICOMSAT 7           
1 31119U 07012C   15119.79336595  .00000660  00000-0  13981-3 0  9996
2 31119  97.8501 106.9856 0060558 359.6658   0.4493 14.61197406428124
SAUDICOMSAT 6           
1 31121U 07012E   15119.94563359  .00000649  00000-0  14500-3 0  9991
2 31121  97.9079  97.2423 0078279  46.2518  16.7395 14.58014188427247
SAUDICOMSAT 5           
1 31124U 07012H   15120.47944952  .00000600  00000-0  12419-3 0  9990
2 31124  97.8208 113.6880 0051421 333.9598  25.9019 14.62859239428680
SAUDICOMSAT 3           
1 31125U 07012J   15119.73286228  .00000655  00000-0  13067-3 0  9993
2 31125  97.7947 119.1861 0042654 313.5668  46.1997 14.64531508429049
SAUDICOMSAT 4           
1 31127U 07012L   15119.75211404  .00000696  00000-0  15055-3 0  9995
2 31127  97.8774 102.2380 0069180  22.1375 338.2788 14.59714495427683
APRIZESAT 4             
1 35684U 09041D   15119.77571810  .00000734  00000-0  10599-3 0  9994
2 35684  98.0710  46.3173 0049221  88.8893 298.4082 14.78504295309942
APRIZESAT 3             
1 35686U 09041F   15119.95752315  .00001529  00000-0  17196-3 0  9990
2 35686  98.1923  79.6928 0075073  27.5361 332.9799 14.86280806311403
AISSAT 1                
1 36797U 10035C   15120.50493596  .00001295  00000-0  15886-3 0  9999
2 36797  98.0093 217.6831 0011853  23.7668 336.4091 14.84824917259708
