Canyon 1
1 03334U 68063A   15070.73675467 0.00000000  00000-0  00000-0 0    07
2 03334  14.5196 332.1813 0928679 113.2339 256.8279  0.99242314    08
Canyon 2
1 03889U 69036A   15114.55139706 0.00000000  00000-0  00000-0 0    03
2 03889   5.4825  83.8553 0898943  73.1943 296.4414  1.00405897    08
Rhyolite 1
1 04418U 70046A   15080.17593530 0.00000000  00000-0  00000-0 0    04
2 04418   7.1195 307.1998 0009386 155.1952 204.8619  1.00263830    06
Canyon 3
1 04510U 70069A   15099.21669803 0.00000000  00000-0  00000-0 0    04
2 04510  14.5717 266.7835 0843772 298.3040  53.4434  1.00268539    08
DSP F2
1 05204U 71039A   15114.13382790 0.00000000  00000-0  00000-0 0    09
2 05204   9.0020 314.3234 0023333 266.0994  93.6459  0.98154198    05
DSP F2 r
1 05205U 71039B   14329.46971652 0.00000000  00000-0  00000-0 0    04
2 05205   7.8193 310.7091 0029484 357.5412   2.4504  1.00446257    01
NOSS 0 (A)
1 05678U 71110A   14246.05611296 0.00000067  00000-0  71411-4 0    07
2 05678  69.9760 257.1462 0007000 189.3896 170.6103 13.73911638    03
NOSS 0 r
1 05679U 71110B   15089.06848393 0.00000100  00000-0  87932-4 0    08
2 05679  69.9880 324.9959 0014000 312.0320  47.9680 13.85230741    04
NOSS 0 (C)
1 05680U 71110C   14362.03403290 0.00000030  00000-0  31708-4 0    05
2 05680  69.9820   4.8843 0007500  25.5696 334.4304 13.74412636    05
NOSS 0 (D)
1 05681U 71110D   14217.09997100 0.00000055  00000-0  58228-4 0    02
2 05681  69.9815 305.7901 0007000 187.8851 172.1149 13.74314432    07
NOSS 0 (E)
1 05682U 71110E   15077.11849047 0.00000045  00000-0  47628-4 0    08
2 05682  69.9813 201.4617 0007000 267.8473  92.1527 13.74330831    03
DSP F3
1 05851U 72010A   15083.53410315 0.00000000  00000-0  00000-0 0    01
2 05851   8.8211 313.0672 0006614 257.5479 102.3901  0.99774260    09
DSP F3 r
1 05854U 72010B   15042.35630625 0.00000000  00000-0  00000-0 0    07
2 05854   8.3878 312.3593 0057133  38.7707 321.6499  1.00671887    07
Canyon 5
1 06317U 72101A   15114.23693312 0.00000000  00000-0  00000-0 0    02
2 06317  18.3045 313.6765 1332771 330.6905  22.4502  1.00294594    00
Canyon 5 r
1 06318U 72101B   15088.25593655 0.00000000  00000-0  00000-0 0    04
2 06318  17.1503 308.7930 1276592  25.3260 340.4170  1.02310336    05
Rhyolite 2
1 06380U 73013A   15099.12272257 0.00000000  00000-0  00000-0 0    06
2 06380   9.4679 314.7281 0027911 174.5306 185.5120  1.00271730    09
DSP F4
1 06691U 73040A   14354.67979820 0.00000000  00000-0  00000-0 0    04
2 06691  10.2008 314.3355 0014651 242.5559 117.3682  0.99827104    06
DMSP 7
1 07816U 75043A   15119.11606914 0.00000450  00000-0  19598-3 0    03
2 07816  98.7350 291.4780 0054000  80.6942 279.3057 14.23286576    02
Canyon 6
1 07963U 75055A   15114.09895942 0.00000000  00000-0  00000-0 0    08
2 07963  19.4618 318.7242 1297780 292.7295  54.0394  1.00163666    07
Canyon 6 r
1 07964U 75055B   15115.51522937 0.00000000  00000-0  00000-0 0    08
2 07964  18.3914 314.0656 1323843 352.7985   5.4728  1.02086713    06
DSP F5
1 08482U 75118A   15099.40798391 0.00000000  00000-0  00000-0 0    02
2 08482  11.2868 318.9635 0033718 246.0702 113.5883  1.00461579    00
DSP F5 r2
1 08516U 75118C   14298.83265663 0.00000000  00000-0  00000-0 0    08
2 08516  11.4721 320.7182 0011916  96.2581 263.8897  1.00530822    04
NOSS 1 (A)
1 08818U 76038A   14081.04857548 0.00005000  00000-0  33486-3 0    09
2 08818  63.2910 316.1154 0816026 111.7625 248.2375 13.76699431    05
NOSS 1 (C)
1 08835U 76038C   15105.01883171 0.00005000  00000-0  43640-3 0    07
2 08835  63.3016 350.8985 0780691 121.1996 238.8004 13.76943026    09
NOSS 1 (D)
1 08836U 76038D   15106.06398813 0.00007000  00000-0  54730-3 0    02
2 08836  63.3045 344.8691 0776318 120.0983 239.9017 13.80804035    01
NOSS 1 (J)
1 08884U 76038J   15008.71528431 0.00011000  00000-0  86691-3 0    05
2 08884  63.2940 255.4007 0796241 114.4355 245.5645 13.76531839    06
DSP F6
1 08916U 76059A   15083.69075082 0.00000000  00000-0  00000-0 0    08
2 08916  12.2721 322.5732 0007827 164.1249 195.9116  0.99470037    07
DSP F6 r2
1 08918U 76059C   15114.35135998 0.00000000  00000-0  00000-0 0    01
2 08918  11.6435 320.1468 0013686 144.9198 215.1825  1.00541839    07
AMS 1(DMSP F1)
1 09415U 76091A   15117.92189230 0.00000250  00000-0  10431-3 0    03
2 09415  98.6052  16.4780 0018000 335.2961  24.7037 14.26202237    07
DSP F7
1 09803U 77007A   15099.13013673 0.00000000  00000-0  00000-0 0    02
2 09803  13.3289 328.0152 0079339 286.5413  72.6006  0.97529510    08
DSP F7 r2
1 09855U 77007C   15074.80028913 0.00000000  00000-0  00000-0 0    09
2 09855  12.2504 323.1015 0014666 271.2297  88.6175  1.00299474    02
DSP F7 Cover
1 09856U 77007D   14115.47134620 0.00000000  00000-0  00000-0 0    01
2 09856  12.3628 324.0873 0234341 358.7278   1.2255  1.00592841    01
Canyon 7
1 10016U 77038A   15107.18263599 0.00000000  00000-0  00000-0 0    03
2 10016  11.7333 355.1032 1250021  32.4730 334.6455  1.00277839    04
AMS 2(DMSP F2)
1 10033U 77044A   15119.07647107 0.00000630  00000-0  24767-3 0    09
2 10033  99.1555 281.7956 0038225 107.8613 252.1386 14.28937389    08
NOSS 2 (A)
1 10502U 77112A   14258.48254028 0.00011500  00000-0  54483-3 0    06
2 10502  63.2984   4.7880 0884777  99.2577 260.7423 13.70724744    02
Rhyolite 3
1 10508U 77114A   15107.44886335 0.00000000  00000-0  00000-0 0    02
2 10508  18.3721 333.2198 0025499 248.9984 110.7406  1.00308591    06
NOSS 2 (D)
1 10529U 77112D   15118.03673001 0.00010000  00000-0  57087-3 0    05
2 10529  63.2924 121.1626 0858189  92.5397 267.8768 13.71917193    04
NOSS 2 (E)
1 10544U 77112E   15118.04330988 0.00010000  00000-0  56947-3 0    01
2 10544  63.2890 121.6605 0860401  92.7575 268.4837 13.71516060    07
NOSS 2 (F)
1 10594U 77112F   14122.82163511 0.00011000  00000-0  42768-3 0    09
2 10594  63.2890  24.3304 0928224  82.8200 277.1800 13.65927469    09
FleetSatCom 1
1 10669U 78016A   15099.22522204 0.00000000  00000-0  00000-0 0    00
2 10669  14.9121 336.6228 0009440 173.8286 186.1951  0.99001685    03
Rhyolite 4
1 10787U 78038A   15100.70603518 0.00000000  00000-0  00000-0 0    09
2 10787  10.1655 336.2192 0012844 209.8268 150.1120  1.00496805    06
Vortex 1
1 10941U 78058A   15107.56809224 0.00000000  00000-0  00000-0 0    06
2 10941   6.7724  32.2450 1426400 334.1363  19.3874  1.00122651    09
Vortex 1 r
1 10942U 78058B   15114.59870613 0.00000000  00000-0  00000-0 0    08
2 10942   6.5481  30.7701 1508814  44.0675 327.0168  0.99629513    04
AMS 4(DMSP F4)
1 11389U 79050A   15113.84217602 0.00000200  00000-0  81193-4 0    05
2 11389  98.4095 159.7147 0013555 267.4779  92.5220 14.27649520    04
DSP F8
1 11397U 79053A   15080.37826259 0.00000000  00000-0  00000-0 0    04
2 11397  14.7097 339.1148 0010561 176.8911 183.1275  0.98740473    05
DSP F8 r2
1 11436U 79053C   14241.80916087 0.00000000  00000-0  00000-0 0    03
2 11436  14.6182 340.2802 0061361 175.7690 184.2952  0.99435153    00
Vortex 2
1 11558U 79086A   15107.38504528 0.00000000  00000-0  00000-0 0    02
2 11558   6.8555 354.1487 1226545  17.9615 346.0209  1.00191928    02
Vortex 2 r2
1 11560U 79086C   15114.22774664 0.00000000  00000-0  00000-0 0    06
2 11560   7.1166 352.6945 1339796  71.9750 302.1452  0.99671218    07
NOSS 3 (A)
1 11720U 80019A   15069.81465103 0.00009800  00000-0  49434-3 0    05
2 11720  63.3701 344.8454 0915898  14.5214 345.4786 13.62770319    08
NOSS 3 (C)
1 11731U 80019C   14329.01512550 0.00004000  00000-0  10732-3 0    02
2 11731  63.3298 197.6233 0954387  32.4842 327.5158 13.67891523    02
NOSS 3 (D)
1 11732U 80019D   14301.73967610 0.00010000  00000-0  34674-3 0    01
2 11732  63.3319 268.8810 0943916  28.4252 331.5748 13.65004396    07
NOSS 3 (G)
1 11745U 80019G   14106.99960042 0.00008000  00000-0  61381-3 0    00
2 11745  63.3670 158.8112 0920543   6.6612 353.3387 13.51719461    05
KH 9-16 Elint
1 11852U 80052C   15098.95620453 0.00000000  00000-0  00000-0 0    02
2 11852  96.6070 194.5984 0001500 307.4883  52.5116 12.83314142    05
Ekran 5
1 11890U 80060A   14236.00556809 0.00000000  00000-0  00000-0 0    05
2 11890  13.8482 334.2647 0009966  96.7614 263.3640  1.00240910    00
DSP F4 r
1 11940U 73040B   15023.43180959 0.00000000  00000-0  00000-0 0    02
2 11940  10.3235 314.5694 0026771 298.5880  61.1147  0.99551025    02
FleetSatCom 4
1 12046U 80087A   15058.33809076 0.00000000  00000-0  00000-0 0    04
2 12046  14.8198 344.4992 0004568 233.4744 126.5168  0.98947462    09
DSP F9
1 12339U 81025A   15081.57084433 0.00000000  00000-0  00000-0 0    06
2 12339  14.8731 344.5886 0022135 176.6497 183.3772  0.98825616    01
DSP F9 r2
1 12371U 81025C   15054.47265067 0.00000000  00000-0  00000-0 0    05
2 12371  13.7983 341.3772 0055367 204.8408 154.9038  1.01330501    00
Vortex 3
1 12930U 81107A   15115.61075093 0.00000000  00000-0  00000-0 0    09
2 12930   7.7838 356.1461 0901427 311.4138  41.1867  1.00179242    03
Vortex 3 r2
1 12932U 81107C   15107.19003804 0.00000000  00000-0  00000-0 0    06
2 12932   7.5945 348.5032 0993467  61.3799 308.2496  0.99589919    08
DSP F10
1 13086U 82019A   15099.19600193 0.00000000  00000-0  00000-0 0    04
2 13086  15.5881 348.2809 0004094 177.1482 182.8661  0.98187165    06
DSP F10 r
1 13089U 82019B   15054.50871694 0.00000000  00000-0  00000-0 0    09
2 13089  14.3319 344.4253 0008920  53.0618 307.0319  1.01250467    00
KH 9-17 Elint
1 13172U 82041C   14126.08849349 0.00002300  00000-0  26274-3 0    00
2 13172  95.9735 164.7058 0004005 330.8828  29.1171 14.86138582    03
DSCS 3-1
1 13637U 82106B   15099.32732115 0.00000000  00000-0  00000-0 0    08
2 13637  15.3138   8.3343 0019458  97.3842 262.8490  0.97825480    08
NOSS 4 (A)
1 13791U 83008A   14118.08333290 0.00005000  00000-0  60093-3 0    02
2 13791  63.3194   1.7797 0881216  52.4563 307.5437 13.47695863    02
NOSS 4 (E)
1 13844U 83008E   15058.03805037 0.00001800  00000-0  18077-3 0    02
2 13844  63.3130 295.1288 0904742  49.5694 310.4306 13.47915200    05
NOSS 4 (F)
1 13845U 83008F   15055.14030311 0.00003000  00000-0  30321-3 0    07
2 13845  63.3150 301.3441 0901753  65.3468 294.6531 13.48351085    02
NOSS 4 (H)
1 13874U 83008H   15118.85612230 0.00005000  00000-0  50815-3 0    05
2 13874  63.3120 130.6641 0893619  60.6755 299.3245 13.49855652    08
NOSS 5 (A)
1 14112U 83056A   14029.18809570 0.00004000  00000-0  53318-3 0    05
2 14112  63.3170  98.8631 0875381  47.8671 312.1329 13.45882677    03
KH 9-18 Elint
1 14139U 83060C   07163.64774262 0.00000023  00000-0  83610-4 0    00
2 14139  96.6588 162.8700 0001784 357.9710   2.0289 12.93732462    08
NOSS 5 (C)
1 14143U 83056C   15075.40723357 0.00004200  00000-0  42868-3 0    04
2 14143  63.3293 105.7510 0905054  57.0986 302.9013 13.47412720    07
NOSS 5 (D)
1 14144U 83056D   15101.87020700 0.00002100  00000-0  20120-3 0    02
2 14144  63.3170  37.8972 0916936  56.8501 303.1499 13.46693507    04
NOSS 5 (G)
1 14180U 83056G   14364.74311555 0.00002000  00000-0  22984-3 0    08
2 14180  63.3230 309.1257 0888475  53.0480 306.9520 13.47497866    00
Vortex 4
1 14675U 84009A   14037.00791125 0.00000000  00000-0  00000-0 0    07
2 14675   7.9086 354.2990 1040376 321.7714  31.3562  1.00186721    09
Vortex 4 r2
1 14677U 84009C   15023.68727312 0.00000000  00000-0  00000-0 0    06
2 14677   8.1961 354.6174 0986441  34.6009 331.4717  0.99443349    07
NOSS 6 (A)
1 14690U 84012A   15107.96030409 0.00005000  00000-0  53069-3 0    04
2 14690  63.3320  94.2704 0894942  45.8529 314.1471 13.48398437    05
NOSS 6 (C)
1 14728U 84012C   15117.91481714 0.00005500  00000-0  63842-3 0    06
2 14728  63.3010  83.9533 0890749  54.1400 305.8599 13.46756425    01
NOSS 6 (D)
1 14729U 84012D   15058.73212897 0.00005000  00000-0  60694-3 0    02
2 14729  63.3100 237.4717 0886526  53.6565 306.3434 13.46341733    02
NOSS 6 (F)
1 14795U 84012F   15117.91806514 0.00006500  00000-0  76610-3 0    07
2 14795  63.3230  88.0388 0887004  48.5989 311.4011 13.47082234    05
DSP F11
1 14930U 84037A   15107.42582201 0.00000000  00000-0  00000-0 0    00
2 14930  15.6136 353.9818 0010271 168.7322 191.3029  0.98673870    01
DSP F11 r
1 14931U 84037B   15114.42671242 0.00000000  00000-0  00000-0 0    03
2 14931  14.5744 350.9014 0034099 210.4469 149.3667  1.01157520    06
USA 3
1 15071U 84065C   15115.92911197 0.00003000  00000-0  30427-3 0    04
2 15071  95.8927 205.4992 0004000  33.1122 326.8877 14.90963059    00
Canyon 7 r
1 15422U 77038C   15115.77374597 0.00000000  00000-0  00000-0 0    04
2 15422  11.1813 353.3737 1498059  80.2321 296.3085  1.02332063    07
DSP F12
1 15453U 84129A   15080.34429236 0.00000000  00000-0  00000-0 0    02
2 15453  16.1054 359.9089 0004628 163.0957 196.9318  0.98844308    02
DSP F12 r
1 15454U 84129B   15114.35196926 0.00000000  00000-0  00000-0 0    09
2 15454  15.3780 356.7043 0009528 135.3838 224.7050  1.01154229    03
Magnum 1
1 15543U 85010B   14314.83251305 0.00000000  00000-0  00000-0 0    05
2 15543  17.7952   0.0961 0118868 289.4516  69.2798  0.99819359    08
Magnum 1 r2
1 15545U 85010D   15037.57887167 0.00000000  00000-0  00000-0 0    02
2 15545  17.9092 359.6026 0029989 177.7101 182.3158  1.00806384    00
DSCS 3-2
1 16116U 85092B   15080.50172917 0.00000000  00000-0  00000-0 0    08
2 16116  14.7294  22.8749 0001643  38.5228 321.5009  0.98981425    04
DSCS 3-3
1 16117U 85092C   15088.38653195 0.00000000  00000-0  00000-0 0    05
2 16117  14.5811  24.2714 0006031  99.6152 260.4649  0.99320614    05
DSCS 3-2 r2
1 16119U 85092E   15115.69823140 0.00000000  00000-0  00000-0 0    01
2 16119  15.2950 355.4764 0055240  72.5308 288.0842  1.01086760    08
NOSS 7 (A)
1 16591U 86014A   15115.94646694 0.00006400  00000-0  11121-2 0    03
2 16591  63.3321  64.3053 0836818  37.1958 322.8042 13.45502608    05
NOSS 1-7 PS
1 16592U 86014B   15105.10231904 0.00001500  00000-0  68791-3 0    07
2 16592  63.3160  10.7169 0540649  97.1787 262.8213 13.64013249    02
NOSS 7 (D)
1 16623U 86014D   15118.85773313 0.00004000  00000-0  70280-3 0    07
2 16623  63.3280  70.9373 0844619  44.6747 315.3253 13.43618200    05
NOSS 7 (E)
1 16624U 86014E   15117.87155838 0.00004500  00000-0  80827-3 0    08
2 16624  63.3170  73.1458 0839861  44.8161 315.1839 13.43858263    01
NOSS 7 (H)
1 16631U 86014H   14106.05737579 0.00004500  00000-0  95160-3 0    07
2 16631  63.3420 339.1558 0819632  30.9606 329.0394 13.42524478    04
FleetSatCom 7
1 17181U 86096A   14001.00000000 0.00000000  00000-0  00000-0 0    06
2 17181  14.1665  20.1482 0021918 115.0576  64.8787  1.00270000    06
NOSS 8 (A)
1 17997U 87043A   15079.85897930 0.00002800  00000-0  54549-3 0    09
2 17997  63.3430  69.3602 0820391  34.1069 325.8930 13.45065530    08
NOSS 8 (E)
1 18009U 87043E   15120.09334458 0.00003000  00000-0  60349-3 0    06
2 18009  63.3410 352.9975 0823004  34.6267 325.3733 13.43511554    00
NOSS 8 (F)
1 18010U 87043F   15105.88229155 0.00003000  00000-0  61230-3 0    05
2 18010  63.3420  30.0219 0821117  34.0238 325.9762 13.43404451    08
NOSS 8 (H)
1 18025U 87043H   15113.81840337 0.00001300  00000-0  25720-3 0    09
2 18025  63.3452  12.6647 0827429  28.4273 331.5727 13.43191225    04
DSP F13
1 18583U 87097A   15081.71593132 0.00000000  00000-0  00000-0 0    05
2 18583  14.3036  11.1233 0024392 166.4324 193.6454  0.98378722    09
DSP F13 r
1 18584U 87097B   15044.77662968 0.00000000  00000-0  00000-0 0    05
2 18584  13.6285   8.8491 0011926 150.5795 209.4884  1.01237140    08
USA 32
1 19460U 88078A   15102.85021400 0.00000160  00000-0  58205-4 0    04
2 19460  84.9866 324.2339 0004998 150.4052 209.5947 14.33295246    01
Vortex 6
1 19976U 89035A   15107.17993787 0.00000000  00000-0  00000-0 0    05
2 19976   7.7800  11.1413 0976995 260.5620  88.2840  1.00270000    03
Vortex 6 r2
1 19983U 89035C   15055.70381984 0.00000000  00000-0  00000-0 0    04
2 19983   7.9962  10.2884 1003961 331.1741  23.6270  0.99427492    04
DSP F14
1 20066U 89046A   15074.73442481 0.00000000  00000-0  00000-0 0    04
2 20066  14.4046  16.0587 0002193 138.9308 221.1203  0.98819238    08
DSP F14 r3
1 20069U 89046D   14236.00367301 0.00000000  00000-0  00000-0 0    03
2 20069  13.8791  17.3276 0044197 253.6764 105.8492  1.01302101    00
DSCS 2-15
1 20202U 89069A   14266.25146694 0.00000000  00000-0  00000-0 0    07
2 20202  15.0858  14.2374 0019956 149.4731 210.6552  0.98603169    08
DSCS 3-4
1 20203U 89069B   15099.48657779 0.00000000  00000-0  00000-0 0    09
2 20203  12.0765  38.8294 0007585 274.0297  85.8617  0.99115558    08
DSCS 2-15 r2
1 20205U 89069D   15107.33263945 0.00000000  00000-0  00000-0 0    03
2 20205  14.6420   5.1501 0069931 234.7981 124.5573  1.01236542    03
FleetSatCom 8
1 20253U 89077A   15107.53569464 0.00000000  00000-0  00000-0 0    02
2 20253  12.4347  22.7457 0009445 193.8417 166.1441  1.00270000    00
USA 40 r
1 20344U 89061D   15047.82684170 0.00000390  00000-0  39733-3 0    03
2 20344  57.0568  41.4117 3535307 330.8388  29.1611  7.86728462    03
Magnum 2
1 20355U 89090B   15107.24065851 0.00000000  00000-0  00000-0 0    09
2 20355  17.5927  25.3663 0287960 357.8987   1.9955  1.00735467    04
Magnum 2 r2
1 20357U 89090D   15070.74760181 0.00000000  00000-0  00000-0 0    03
2 20357  17.6969  26.5387 0328241 347.9384  11.3061  0.99515161    05
USA 58
1 20562U 90031C   14217.03818759 0.00000000  00000-0  00000-0 0    07
2 20562  89.7939 335.9734 0001983 235.6846 124.3153 14.59434657    08
NOSS 2-1 (A)
1 20641U 90050A   15045.01647853 0.00000000  00000-0  00000-0 0    09
2 20641  63.4082 261.7490 4036754 265.6004  48.5082  6.02578757    03
NOSS 2-1 (E)
1 20642U 90050E   15118.88086336 0.00001200  00000-0  43721-3 0    02
2 20642  63.3620  51.6028 0723000  19.5006 340.4994 13.41329769    09
NOSS 2-1 (C)
1 20691U 90050C   15119.84519473 0.00001200  00000-0  42881-3 0    02
2 20691  63.3560  48.5571 0727000  22.1595 337.8405 13.41341578    00
NOSS 2-1 (D)
1 20692U 90050D   15119.84419096 0.00001200  00000-0  43083-3 0    08
2 20692  63.3580  48.1715 0726000  22.5446 337.4553 13.41344428    04
DSP F15
1 20929U 90095A   15114.26210316 0.00000000  00000-0  00000-0 0    01
2 20929  14.9797  19.3956 0002113   2.6222 357.3910  0.98394494    03
DSP F15 r3
1 20932U 90095D   15070.81593520 0.00000000  00000-0  00000-0 0    08
2 20932  14.8902  19.9190 0068218 345.4703  14.3465  0.99925703    09
SDS 2-2
1 20963U 90097B   15107.22779470 0.00000000  00000-0  00000-0 0    00
2 20963  16.4581  12.9551 0017236 172.2847 187.7539  0.98572594    09
NOSS 2-2 (A)
1 21775U 91076A   15056.16513629 0.00000000  00000-0  00000-0 0    08
2 21775  63.3460 112.0186 3355249 268.2081  53.7910  5.53395512    06
DMSP B5D2-6
1 21798U 91082A   15072.18102053 0.00000200  00000-0  10096-3 0    06
2 21798  98.8651  62.8491 0013000 139.6799 220.3200 14.16259295    07
NOSS 2-2 (C)
1 21799U 91076C   15104.84078568 0.00000600  00000-0  26659-3 0    08
2 21799  63.3730 348.5916 0682000  17.3548 342.6452 13.40869473    03
DSP F16
1 21805U 91080B   15115.73590691 0.00000000  00000-0  00000-0 0    00
2 21805  14.6606  21.5232 0006866 194.1011 165.8911  1.00270000    00
DSP F16 r
1 21807U 91080D   15054.57490050 0.00000000  00000-0  00000-0 0    04
2 21807  14.3684  21.5807 0021963 237.9316 121.8934  1.01270954    08
NOSS 2-2 (D)
1 21808U 91076D   15104.83490292 0.00000600  00000-0  26768-3 0    01
2 21808  63.3710 348.8930 0680995  17.1239 342.8761 13.40881098    09
NOSS 2-2 (E)
1 21809U 91076E   15111.05239674 0.00000400  00000-0  17975-3 0    07
2 21809  63.3680 331.7315 0678000  14.3398 345.6602 13.41117278    01
DSCS 3-5
1 21873U 92006A   15070.80796630 0.00000000  00000-0  00000-0 0    03
2 21873  12.3784  38.1518 0005578 200.8967 159.0925  0.99034582    02
DSCS 3-5 r2
1 21877U 92006C   15107.24929977 0.00000000  00000-0  00000-0 0    08
2 21877  11.3303   3.4476 0635759 332.3075  24.4579  1.10774780    06
USA 81
1 21949U 92023A   15071.76630606 0.00000120  00000-0  45443-4 0    09
2 21949  85.0100 285.1443 0003000  47.8413 312.1586 14.31267261    07
DSCS 3-6
1 22009U 92037A   15083.79764551 0.00000000  00000-0  00000-0 0    08
2 22009  10.7612  42.2168 0006759 253.4467 106.4911  0.98804175    07
DSCS 3-6 r2
1 22011U 92037C   15107.37331419 0.00000000  00000-0  00000-0 0    05
2 22011  14.5260  11.9759 0020618 333.4973  26.3949  1.01637696    09
USA 89 r
1 22519U 92086C   15120.05716912 0.00002971  00000-0  33808-3 0    01
2 22519  56.8808 137.5028 3155639   7.6611 356.1484  8.94130000    01
Alexis
1 22638U 93026A   14195.23738836 0.00000550  00000-0  19757-3 0    06
2 22638  69.9196 149.2705 0060111 359.1065   0.8935 14.32770503    06
Alexis r
1 22639U 93026B   15079.80830584 0.00000100  00000-0  36795-4 0    08
2 22639  69.9090 333.7951 0062000  48.6325 311.3675 14.31501920    06
DSCS 3-7
1 22719U 93046A   15069.88229978 0.00000000  00000-0  00000-0 0    00
2 22719   9.7259  46.2155 0002720  87.5510 272.4921  0.99043826    03
DSCS 3-7 r2
1 22738U 93046C   15115.78518773 0.00000000  00000-0  00000-0 0    06
2 22738  14.3803  15.4220 0079879  29.6308 330.8313  1.02129960    06
UFO F2
1 22787U 93056A   15107.43212125 0.00000000  00000-0  00000-0 0    06
2 22787  10.0531  29.7953 0008580 120.1548 239.9474  1.00270000    03
DSCS 3-8
1 22915U 93074A   15070.96845139 0.00000000  00000-0  00000-0 0    03
2 22915   9.4480  46.2255 0015047 283.4453  76.3926  1.00270000    09
DSCS 3-8 r
1 22916U 93074B   15099.37216005 0.00000000  00000-0  00000-0 0    04
2 22916  15.0307  18.9144 0003324 285.1213  74.8540  0.99249306    09
Milstar 1
1 22988U 94009A   15107.74996351 0.00000000  00000-0  00000-0 0    02
2 22988  10.6809  76.5866 0008437 293.0455  66.8703  1.00270000    03
Milstar 1 r
1 22989U 94009B   14354.74814211 0.00000000  00000-0  00000-0 0    00
2 22989  10.4728  70.0751 0012858 114.4089 245.7374  1.00597966    00
Trumpet 1
1 23097U 94026A   15058.19640585 0.00000331  00000-0  00000-0 0    09
2 23097  64.0598 211.1899 6407640 272.4156  20.9008  2.00630671    04
UFO F3
1 23132U 94035A   15107.54114846 0.00000000  00000-0  00000-0 0    02
2 23132  10.0305  33.6523 0004471 134.1389 225.9099  1.00252409    08
Mercury 1
1 23223U 94054A   15114.39705492 0.00000000  00000-0  00000-0 0    08
2 23223   9.9635  41.8080 0035301 115.9376 244.4442  1.00270000    05
DMSP B5D2-7
1 23233U 94057A   15085.14892473 0.00000250  00000-0  12789-3 0    05
2 23233  99.0216  68.2152 0010000  40.3262 319.6737 14.15565765    05
Mercury 1 r
1 23247U 94054B   15026.86793085 0.00000000  00000-0  00000-0 0    03
2 23247  11.7923  24.4463 0120132 247.9978 110.7337  0.99578531    00
DSP F17
1 23435U 94084A   15070.75498077 0.00000000  00000-0  00000-0 0    05
2 23435  13.3923  31.7099 0003931  46.3473 313.7070  1.00270000    03
DSP F17 r3
1 23438U 94084D   15080.54105284 0.00000000  00000-0  00000-0 0    01
2 23438  13.2447  30.9870 0004623  65.5377 294.5225  1.01171145    08
UFO F4
1 23467U 95003A   15115.77821443 0.00000000  00000-0  00000-0 0    01
2 23467   8.7983  33.4509 0006457   3.4138 356.5197  1.00270000    00
DMSP B5D2-8
1 23533U 95015A   15059.19878813 0.00000210  00000-0  10726-3 0    06
2 23533  98.7506  62.5741 0007000  69.8141 290.1858 14.15665215    03
Mentor 1
1 23567U 95022A   14001.00000000  .00000000  00000-0  00000-0 0    00
2 23567  11.9533  55.3487 0077699  45.6588 126.9487  1.00269586    07
Mentor 1 r
1 23568U 95022B   14298.96025511 0.00000000  00000-0  00000-0 0    08
2 23568  14.2688  53.7971 0007171 211.3704 148.5988  1.00545409    02
UFO F5
1 23589U 95027A   15099.34969143 0.00000000  00000-0  00000-0 0    06
2 23589   9.1848  33.4693 0002823 221.1148 138.8759  0.98743028    03
Helios 1A
1 23605U 95033A   15053.19217158 0.00002800  00000-0  29526-3 0    04
2 23605  98.2968  48.0837 0011000 323.8837  36.1161 14.89340111    06
Trumpet 2
1 23609U 95034A   15030.88147204 0.00000032  00000-0  00000-0 0    02
2 23609  63.3973 244.6172 6892198 268.7255  18.3118  2.00609966    07
DSCS 3-9
1 23628U 95038A   14001.00000000 0.00000000  00000-0  00000-0 0    05
2 23628   8.4831  51.6873 0002712 230.6355 357.7764  1.00270000    02
DSCS 3-9 r2
1 23648U 95038C   15071.43523502 0.00000000  00000-0  00000-0 0    09
2 23648  14.1575  23.8657 0015981 196.6897 163.2565  1.01265900    01
UFO F6
1 23696U 95057A   15115.79657993 0.00000000  00000-0  00000-0 0    03
2 23696   8.1983  34.9254 0002690 133.8573 226.2475  1.00271000    00
Milstar 2
1 23712U 95060A   15075.04169549 0.00000000  00000-0  00000-0 0    04
2 23712  11.4922  38.5622 0021910 191.9207 168.0394  1.00270000    05
Milstar 2 r
1 23713U 95060B   14350.73153229 0.00000000  00000-0  00000-0 0    04
2 23713  12.4543  36.5840 0035216 108.4555 251.9397  1.00594389    03
MSX
1 23851U 96024A   15120.08766329 0.00000100  00000-0  70499-4 0    07
2 23851  98.7278 156.2167 0008394 330.8765  29.1234 13.98010547    05
Mercury 2
1 23855U 96026A   15107.31478422 0.00000000  00000-0  00000-0 0    04
2 23855   9.4654   5.6158 0401931 222.7850 133.9869  1.00270000    01
NOSS 2-3 (D)
1 23862U 96029D   15093.79643262 0.00000070  00000-0  55073-4 0    08
2 23862  63.3890 320.8631 0531000   8.2204 351.7796 13.40738544    07
NOSS 2-3 (A)
1 23893U 96029A   15023.69222522 0.00000000  00000-0  00000-0 0    05
2 23893  63.3654 254.0835 3367625 262.8894  58.3468  5.52849475    05
NOSS 2-3 (C)
1 23908U 96029C   15093.79687071 0.00000050  00000-0  39174-4 0    07
2 23908  63.3930 320.4241 0532000   7.1376 352.8624 13.40784781    01
NOSS 2-3 (E)
1 23936U 96029E   15093.78259047 0.00000150  00000-0  11825-3 0    08
2 23936  63.3910 320.4711 0530000   7.5239 352.4761 13.40798550    09
USA 125 r
1 23947U 96038C   15088.62436711 0.00002200  00000-0  69582-3 0    03
2 23947  55.3704 300.3334 5004759  56.4725 303.5275  5.55590275    04
UFO F7
1 23967U 96042A   15088.64739270 0.00000000  00000-0  00000-0 0    01
2 23967   7.3650  36.8657 0004667 156.8645 203.1714  1.00270000    01
DSP F18
1 24737U 97008A   15107.51166718 0.00000000  00000-0  00000-0 0    09
2 24737  11.9051  38.3172 0015329 264.0615  95.7706  1.00270000    04
DSP F18 r3
1 24740U 97008D   15069.76233655 0.00000000  00000-0  00000-0 0    02
2 24740  11.9624  39.3929 0025153  81.7398 278.5573  0.99495767    02
DMSP 5D-2 S-14
1 24753U 97012A   15078.17957292 0.00000200  00000-0  10218-3 0    03
2 24753  98.8990  52.0310 0009000 249.8283 110.1715 14.15637615    07
DSCS 3-10
1 25019U 97065A   15115.85606447 0.00000000  00000-0  00000-0 0    00
2 25019   7.7163  49.9003 0003437 295.9194  63.9880  1.00270000    08
Trumpet 3
1 25034U 97068A   14362.75738687 -.00001118  00000-0  00000-0 0    06
2 25034  63.2921 308.4024 6767101 284.6982  13.8039  2.00615542    06
Geosat FO
1 25157U 98007A   15110.07415574 0.00006000  00000-0  38644-3 0    02
2 25157 108.0621  42.7984 0190887  42.3532 317.6468 14.94366193    07
UFO F8
1 25258U 98016A   14001.00000000  .00000000  00000-0  00000-0 0    05
2 25258   5.8131  45.0689 0002443 235.2094 351.5307  1.00263728    05
Mentor 2
1 25336U 98029A   15107.50800341 0.00000000  00000-0  00000-0 0    05
2 25336   9.1365   1.9942 0044269 232.2901 127.3170  1.00270000    05
Mentor 2 r
1 25337U 98029B   15107.31052340 0.00000000  00000-0  00000-0 0    03
2 25337  10.6490 359.6176 0051414  88.7375 271.8407  1.00358726    03
Mercury 2 r
1 25349U 96026B   15099.31313178 0.00000000  00000-0  00000-0 0    00
2 25349   9.4687 357.6861 0452488 311.5241  44.7002  0.99560543    01
STEX
1 25489U 98055A   12288.15613308 0.00000300  00000-0  82073-4 0    03
2 25489  84.9795  69.1761 0012011 239.0325 120.9673 14.47281177    01
UFO F9
1 25501U 98058A   15114.42402699 0.00000000  00000-0  00000-0 0    04
2 25501   7.0020  37.5496 0010761 293.4355  66.4635  0.98175651    06
ATEX
1 25615U 98055C   15110.10517606 0.00000400  00000-0  11548-3 0    09
2 25615  84.9861 260.8345 0006000 166.1167 193.8832 14.44718277    08
DSP F19
1 25669U 99017A   14235.61939623 0.00000000  00000-0  00000-0 0    01
2 25669  28.7079 113.7479 7091906 270.7811  15.8762  2.32876163    00
Milstar 3
1 25724U 99023A   15092.04882616 0.00000030  00000-0  38108-3 0    04
2 25724  28.2146  57.4484 2129299  46.6513 313.3482  9.37457764    02
Milstar 3 r
1 25725U 99023B   15111.06233519 0.00000000  00000-0  00000-0 0    05
2 25725  28.3251  46.3636 2384418 222.5104 137.4891  9.67210085    09
USA 144 Deb
1 25746U 99028C   15112.05408683 0.00000000  00000-0  00000-0 0    09
2 25746  63.4325 340.4092 0262381 301.4123  58.5877  9.69944630    07
UFO F10
1 25967U 99063A   15088.39636561 0.00000000  00000-0  00000-0 0    00
2 25967   5.6111  41.6150 0004391 189.3132 170.6912  1.00270000    02
DMSP F15
1 25991U 99067A   15118.08202998 0.00000290  00000-0  14555-3 0    08
2 25991  98.7073  76.9629 0011426  52.0884 307.9115 14.16575058    00
DSCS 3-11
1 26052U 00001A   14001.00000000 0.00000000  00000-0  00000-0 0    05
2 26052   4.5566  63.6192 0003963 237.4497 309.0377  1.00270000    06
DSCS 3-11 r2
1 26054U 00001C   15088.48830995 0.00000000  00000-0  00000-0 0    09
2 26054  12.1657  36.2177 0020797 238.6051 121.2033  1.01181228    03
JAWSAT
1 26065U 00004E   15100.06137219 0.00000230  00000-0  77765-4 0    03
2 26065 100.2276 307.7529 0031976  41.8597 318.1402 14.36642428    01
DSP F20
1 26356U 00024A   14349.34886574 0.00000000  00000-0  00000-0 0    07
2 26356   9.4030  43.9300 0003300 287.8720  71.6921  1.00270000    05
DSP F20 r3
1 26359U 00024D   15080.51005865 0.00000000  00000-0  00000-0 0    08
2 26359   9.5428  43.2541 0008235  72.9321 287.1700  0.99698584    09
DSCS 3-12
1 26575U 00065A   15099.46599859 0.00000000  00000-0  00000-0 0    08
2 26575   4.6801  61.8332 0012830 166.7538 193.2942  1.00270000    09
DSCS 3-12 r2
1 26577U 00065C   15100.83460496 0.00000000  00000-0  00000-0 0    08
2 26577  11.7458  37.3185 0058703 171.7936 188.3183  1.01182733    07
SDS 3-1
1 26635U 00080A   14001.00000000  .00000000  00000-0  00000-0 0    09
2 26635   6.3231  44.3134 0007503 215.3163 310.8733  1.00270000    09
Sicral 1
1 26694U 01005A   15080.60118284 0.00000000  00000-0  00000-0 0    00
2 26694   5.9417  57.0766 0005150 157.5019 202.5356  1.00270000    08
Milstar 4
1 26715U 01009A   14001.00000000  .00000000  00000-0  00000-0 0    00
2 26715   6.5801  45.0972 0003626 227.6977 339.7063  1.00264915    06
Milstar 4 r
1 26716U 01009B   15100.80157406 0.00000000  00000-0  00000-0 0    03
2 26716   9.0884  40.9930 0016993  37.8687 322.2782  1.00484922    01
GeoLITE
1 26770U 01020A   15081.75435217 0.00000000  00000-0  00000-0 0    07
2 26770   5.0104  50.5372 0020702  20.7220 339.3737  0.98834949    09
DSP F21
1 26880U 01033A   14251.80251157 0.00000000  00000-0  00000-0 0    06
2 26880   8.2520  47.9740 0000620 210.9990 148.5973  1.00270000    03
DSP F21 r3
1 26883U 01033D   15107.61956181 0.00000000  00000-0  00000-0 0    08
2 26883   8.5963  45.6461 0005084 266.3122  93.6416  0.99897508    09
NOSS 3-1 (A)
1 26905U 01040A   15118.09889733 0.00000000  00000-0  00000-0 0    03
2 26905  63.4260 226.7375 0298000 356.7566   3.2434 13.40717601    00
NOSS 3-1 r
1 26906U 01040B   15119.02034683 0.00000060  00000-0  81574-4 0    09
2 26906  63.4635 172.1100 0282000 344.4019  15.5981 13.43952063    06
NOSS 3-1 (C)
1 26907U 01040C   15078.77824927 0.00000050  00000-0  69389-4 0    03
2 26907  63.4213 324.0399 0297000 358.0616   1.9384 13.41227294    02
USA 161
1 26934U 01044A   14270.56049042 0.00016000  00000-0  20177-3 0    07
2 26934  96.9959  41.0452 0003500  14.9902 345.0096 15.59586592    04
SDS 3-2
1 26948U 01046A   15071.06101385 0.00000000  00000-0  00000-0 0    01
2 26948   7.7470  64.2935 0007000 208.3213 151.6787  1.00270000    06
Milstar 5
1 27168U 02001A   15114.44231209 0.00000000  00000-0  00000-0 0    07
2 27168   6.5955  41.4119 0009053 184.5478 175.4569  1.00270000    07
Milstar 5 r
1 27169U 02001B   15107.61782377 0.00000000  00000-0  00000-0 0    06
2 27169   4.8576  39.8533 0054075  50.2541 310.2330  1.00202452    04
DSP F18 Cover
1 27680U 97008E   14001.00000000  .00000000  00000-0  00000-0 0    06
2 27680  11.4923  44.2046 0034801 165.0544 183.0999  0.99528594    06
DSCS 3-13
1 27691U 03008A   15075.07461274 0.00000000  00000-0  00000-0 0    08
2 27691   3.0616  70.0685 0003531 101.1483 258.9106  1.00270000    00
DSCS 3-13 r2
1 27693U 03008C   15107.43256615 0.00000000  00000-0  00000-0 0    07
2 27693   9.9384  43.6587 0015599 150.2182 209.8798  1.01117151    04
Milstar 6
1 27711U 03012A   15100.86267212 0.00000000  00000-0  00000-0 0    08
2 27711   6.0266  59.3995 0003840 232.7787 127.1955  1.00270000    01
Milstar 6 r
1 27712U 03012B   15107.47176525 0.00000000  00000-0  00000-0 0    09
2 27712   6.3804  43.1294 0022415 185.6217 174.3628  1.00577491    04
Canyon 1 r
1 27785U 68063B   15115.68674915 0.00000000  00000-0  00000-0 0    04
2 27785  13.2591 325.9432 1093787 133.5421 236.1110  1.01772335    07
Canyon 2 r
1 27786U 69036B   15080.58480400 0.00000000  00000-0  00000-0 0    00
2 27786   7.6469  73.7962 1044541 125.8535 244.3272  1.03858354    07
Canyon 3 r
1 27787U 70069B   15100.30500214 0.00000000  00000-0  00000-0 0    08
2 27787  12.7923 253.6447 1360595  12.9555 350.2210  1.01699027    02
DSCS 3-14
1 27875U 03040A   15100.77325974 0.00000000  00000-0  00000-0 0    00
2 27875   2.1976  74.8418 0003674 197.9669 162.0321  1.00270000    00
DSCS 3-14 r2
1 27877U 03040C   15115.80772385 0.00000000  00000-0  00000-0 0    04
2 27877   9.5948  44.7783 0010043 198.0293 161.9257  1.00746529    06
Mentor 3
1 27937U 03041A   15099.47869140 0.00000000  00000-0  00000-0 0    02
2 27937   7.7384  77.5824 0047309 189.0108 170.9165  1.00270000    01
Mentor 3 r
1 27938U 03041B   15075.08623837 0.00000000  00000-0  00000-0 0    05
2 27938   7.6635  89.2868 0037810 351.9650   7.9866  1.00854829    00
DMSP F16
1 28054U 03048A   15087.14079218 0.00000150  00000-0  79443-4 0    07
2 28054  98.6781  72.3901 0006001 245.5967 114.4032 14.13728001    09
NOSS 3-2 (A)
1 28095U 03054A   15119.01712946 0.00000000  00000-0  00000-0 0    06
2 28095  63.4270 143.0264 0235000 358.3452   1.6547 13.41311962    02
NOSS 3-2 r
1 28096U 03054B   15089.04467270 0.00000020  00000-0  29898-4 0    05
2 28096  63.6700 305.4989 0256000 287.4451  72.5549 13.40775250    07
NOSS 3-2 (C)
1 28097U 03054C   15118.95805524 0.00000000  00000-0  00000-0 0    05
2 28097  63.4270 145.2779 0237000 357.9472   2.0527 13.40710366    01
UFO F11
1 28117U 03057A   15088.36411954 0.00000000  00000-0  00000-0 0    02
2 28117   4.1240  33.2025 0003451 163.7236 196.3020  1.00270000    09
DSP F20 Cover
1 28156U 00024E   14143.46447871 0.00000000  00000-0  00000-0 0    05
2 28156   9.2833  45.8848 0232136 320.7168  37.5283  0.99724462    01
DSP F22
1 28158U 04004A   15099.41160702 0.00000000  00000-0  00000-0 0    00
2 28158   6.4730  51.7942 0008121 221.2563 138.6925  1.00270000    01
DSP F22 r3
1 28161U 04004D   14320.93726138 0.00000000  00000-0  00000-0 0    08
2 28161   6.2477  53.3599 0002714 311.9757  48.0132  0.99820979    08
USA 179
1 28384U 04034A   15094.64508068 0.00001395  00000-0  00000-0 0    03
2 28384  62.8372  74.4291 7276378 266.3324  15.8904  2.00648037    05
USA 179 r
1 28385U 04034B   15112.05866599 0.00045000  00000-0  13748-2 0    02
2 28385  57.3285 163.9702 3971754  86.0521 317.0247  7.54932090    07
Helios 2A
1 28492U 04049A   15119.03022475 0.00000000  00000-0  00000-0 0    05
2 28492  98.1205  55.5978 0002000 128.7009 231.2989 14.63809266    09
Essaim 1
1 28494U 04049C   15054.83729522 0.00000500  00000-0  69719-4 0    01
2 28494  98.3299 106.2945 0002689 155.8997 204.1001 14.77797700    02
Essaim 2
1 28495U 04049D   15103.04196069 0.00000700  00000-0  10106-3 0    01
2 28495  98.2890 155.7824 0006343 320.2290  39.7709 14.76303716    05
Essaim 4
1 28497U 04049F   14165.10737754 0.00001500  00000-0  19514-3 0    00
2 28497  98.3251 210.0038 0003500 250.0237 109.9762 14.80729162    05
Delta4 Demo
1 28500U 04050A   15107.68796081 0.00000000  00000-0  00000-0 0    06
2 28500  14.7010  69.7247 2748899 116.2144 274.5199  1.41304531    00
NOSS 3-3 (A)
1 28537U 05004A   15119.85004977 0.00000000  00000-0  00000-0 0    04
2 28537  63.4304  14.0618 0203001 358.8859   1.1141 13.40680561    01
NOSS 3-3 r
1 28538U 05004B   15118.84814328 0.00000000  00000-0  00000-0 0    02
2 28538  63.8210 104.1613 0205000 227.2446 132.7554 13.43059710    08
NOSS 3-3 (C)
1 28541U 05004C   15119.85012634 0.00000000  00000-0  00000-0 0    08
2 28541  63.4320  14.2313 0201004 358.7236   1.2764 13.40681552    00
Del4 Demo r
1 28546U 04050B   15082.10320385 0.00000000  00000-0  00000-0 0    05
2 28546  14.7327  80.6652 2518582  93.6809 295.1627  1.37833761    05
XSS 11 r
1 28637U 05011B   15066.71204058 0.00000000  00000-0  00000-0 0    01
2 28637  98.9125  87.8386 0011004  69.1210 290.8788 14.11469920    06
Lacrosse 5
1 28646U 05016A   15119.00920830 0.00000300  00000-0  73344-4 0    08
2 28646  57.0110 157.8174 0006000 121.9418 238.0581 14.52248116    08
Lacrosse 5 r
1 28647U 05016B   15102.86005529 0.00005200  00000-0  32789-3 0    05
2 28647  56.9966   4.3484 0123376 331.8557  28.1442 15.02513919    04
USA 186
1 28888U 05042A   15113.85261080 0.00050500  00000-0  25893-3 0    09
2 28888  96.8851 152.3367 0145569 227.3888 132.6110 15.67278382    01
Mitex 1
1 29240U 06024A   15107.19335715 0.00000000  00000-0  00000-0 0    00
2 29240   1.0392 290.5919 0011417 300.9385  58.9615  0.98612554    05
Mitex 2
1 29241U 06024B   15115.73405275 0.00000000  00000-0  00000-0 0    09
2 29241   4.4892  63.3217 0008057  57.2505 302.8393  0.98861355    06
Mitex 1 r
1 29242U 06024C   15107.59705680 0.00000000  00000-0  00000-0 0    08
2 29242   6.7656  51.0856 0005801 133.2586 226.8101  1.04026296    08
USA 184
1 29249U 06027A   15107.51765222 0.00000626  00000-0  00000-0 0    02
2 29249  63.8431  23.0027 7119732 267.3565  16.9370  2.00601924    01
USA 184 r
1 29250U 06027B   15107.74488022 0.00000000  00000-0  00000-0 0    05
2 29250  63.9233 347.2638 6571014 284.5385  15.1997  2.17600097    02
IGS O2
1 29393U 06037A   15120.03019842 0.00033500  00000-0  65008-3 0    04
2 29393  97.4205 249.3868 0002000  97.5017 262.4981 15.47668280    05
DMSP F17
1 29522U 06050A   15066.70066746 0.00000250  00000-0  13210-3 0    05
2 29522  98.8761  77.1023 0011000 259.9729 100.0270 14.13828664    09
SAR Lupe 1
1 29658U 06060A   14209.02891054 0.00000000  00000-0  00000-0 0    00
2 29658  98.1239 144.9471 0003000 159.9126 200.0872 15.27460281    05
Ofeq 7
1 31601U 07025A   13114.84780363 0.00008000  00000-0  31699-3 0    06
2 31601 141.7191 263.3953 0077000 196.6616 163.3376 15.21733109    08
NOSS 3-4 (A)
1 31701U 07027A   15094.81578346 0.00000020  00000-0  34591-4 0    00
2 31701  63.4020 333.3637 0128000  31.1995 328.8004 13.40677438    04
NOSS 3-4 r
1 31702U 07027B   15110.86009401 0.00000400  00000-0  16411-3 0    08
2 31702  63.3760 358.3580 0182000 353.8624   6.1376 14.18341422    07
NOSS 3-4 (C)
1 31708U 07027C   15094.81586898 0.00000050  00000-0  86476-4 0    00
2 31708  63.4030 333.5476 0128000  30.3737 329.6263 13.40678136    02
SAR Lupe 2
1 31797U 07030A   15059.10492211 0.00003838  00000-0  14050-3 0    05
2 31797  98.1205  87.2338 0011512 237.2718 122.8467 15.28002653    07
WGS 1
1 32258U 07046A   14001.00000000  .00000000  00000-0  00000-0 0    06
2 32258   0.1051  69.0675 0000580 201.0821   5.2483  1.00270000    07
SAR Lupe 3
1 32283U 07053A   15110.91412502 0.00000000  00000-0  00000-0 0    08
2 32283  98.1173 207.3343 0003100 186.1464 173.8535 15.27512713    01
DSP F23
1 32287U 07054A   15114.59916062 0.00000000  00000-0  00000-0 0    01
2 32287   2.4550  80.2040 0002544 115.4854 244.5530  1.00294821    07
DSP F23 r
1 32288U 07054B   15114.71030129 0.00000000  00000-0  00000-0 0    07
2 32288   2.4193  84.9170 0252989  32.7465 328.7970  0.95866150    01
SDS 3F5
1 32378U 07060A   15066.42103989 0.00001036  00000-0  00000-0 0    03
2 32378  63.8896 316.4903 7267552 272.8214  13.8997  2.00639067    01
USA 198 r
1 32379U 07060B   15070.66572705 0.00004000  00000-0  14291-2 0    04
2 32379  60.8343 285.4193 5193765 211.5060 102.7890  5.24129600    09
TecSar
1 32476U 08002A   15103.04274439 0.00009000  00000-0  45401-3 0    04
2 32476  41.0586  65.5976 0003999 121.1255 238.8739 15.16321659    02
USA 200
1 32706U 08010A   15107.76455456 -.00000327  00000-0  00000-0 0    09
2 32706  63.0913  90.9567 7007343 268.1618  17.5536  2.00625518    00
USA 200 r
1 32707U 08010B   15061.91213188 0.00007000  00000-0  16863-2 0    00
2 32707  63.2713  43.5911 7411131 251.1295  21.1955  2.12534835    05
SAR Lupe 4
1 32750U 08014A   14217.04326235 0.00000000  00000-0  00000-0 0    03
2 32750  98.1119 155.1050 0002000 216.4533 143.5465 15.27500251    07
SAR Lupe 5
1 33244U 08036A   14250.87133099 0.00007500  00000-0  27611-3 0    00
2 33244  98.1192 323.6359 0001602 257.0305 102.9694 15.27881237    05
Mentor 4
1 33490U 09001A   15114.35850675 0.00000000  00000-0  00000-0 0    03
2 33490   4.1267  25.2575 0003516 351.3635   8.6311  1.00270000    07
Mentor 4 r
1 33491U 09001B   15107.28770725 0.00000000  00000-0  00000-0 0    05
2 33491   4.2095  27.9596 0254521   4.4932 355.7642  0.96050099    01
WGS 2
1 34713U 09017A   15114.09267862 0.00000000  00000-0  00000-0 0    00
2 34713   0.0190 305.3147 0003453 214.4090 145.5795  1.00270000    04
Sicral 1B
1 34810U 09020A   15107.61804002 0.00000000  00000-0  00000-0 0    05
2 34810   0.1148  79.7378 0003453  42.3075 317.7428  1.00270000    01
STSS-ATRR
1 34903U 09023A   14273.94001868 0.00000080  00000-0  48211-4 0    07
2 34903  98.9260   9.8460 0006000 139.5852 220.4147 14.06722387    01
PAN
1 35815U 09047A   15114.10386929 0.00000000  00000-0  00000-0 0    05
2 35815   0.0385 296.8618 0003453 294.5909  65.3781  1.00270000    03
STSS Demo 1
1 35937U 09052A   15101.82945447 0.00000000  00000-0  00000-0 0    07
2 35937  57.9917  19.5247 0019464 186.0739 173.9260 12.79140544    08
STSS Demo 2
1 35938U 09052B   15101.82226436 0.00000000  00000-0  00000-0 0    08
2 35938  57.9886  19.5776 0018652 199.6815 160.3184 12.79142085    01
DMSP F18
1 35951U 09057A   15111.07516831 0.00000180  00000-0  96563-4 0    09
2 35951  98.6900 142.0466 0009000 347.4759  12.5240 14.13026960    04
IGS 5A
1 36104U 09066A   15119.87354635 0.00000000  00000-0  00000-0 0    06
2 36104  97.7359 195.4948 0001000 358.2444   1.7554 14.93431329    08
IGS 5 r
1 36105U 09066B   15117.86772930 0.00007500  00000-0  45525-3 0    02
2 36105  97.4324 165.4456 0032209 161.5839 198.4160 15.10123527    02
WGS 3
1 36108U 09068A   15107.02949244 0.00000000  00000-0  00000-0 0    02
2 36108   0.0147 203.5173 0013421 357.9694   2.0254  1.00270000    00
WGS 3 r
1 36109U 09068B   14053.01007272 0.00000000  00000-0  00000-0 0    07
2 36109  24.6755   3.9597 8162708 292.0115 296.9198  1.18380000    00
Helios 2B
1 36124U 09073A   15118.04019834 0.00000500  00000-0  95879-4 0    00
2 36124  98.0861  55.4372 0002003 116.3231 243.6768 14.63842415    02
Helios 2B r
1 36125U 09073B   15078.18499394 0.00000750  00000-0  10688-3 0    05
2 36125  98.2796  58.0927 0026067  35.3044 324.6955 14.76630398    02
Ofeq 9
1 36608U 10031A   15102.37068397 0.00015000  00000-0  65511-3 0    00
2 36608 141.7555  17.0593 0017382 354.4495   5.5497 15.21097273    00
AEHF 1
1 36868U 10039A   15100.36284529 0.00000000  00000-0  00000-0 0    03
2 36868   1.7154 260.4748 0003453 161.7109 198.3163  1.00270000    03
FIA Radar 1
1 37162U 10046A   15119.83752733 0.00000000  00000-0  00000-0 0    08
2 37162 123.0021 276.7883 0005000 159.2044 200.7956 13.41436319    05
SBSS 1
1 37168U 10048A   15118.85960952 0.00001050  00000-0  13578-3 0    04
2 37168  97.8599 348.1573 0005112 182.1271 177.9680 14.80978457    07
SBSS 1 r
1 37169U 10048B   14244.04306046 0.00004500  00000-0  21737-3 0    02
2 37169  97.9166 185.2139 0009000  70.4887 289.4587 15.18654825    06
STPSat 2
1 37222U 10062A   15118.91392750 0.00000900  00000-0  12456-3 0    00
2 37222  71.9671 165.5603 0014284 185.5862 174.4137 14.77928629    01
STPSat 2 r
1 37228U 10062G   15118.89070585 0.00001050  00000-0  14341-3 0    04
2 37228  71.9654 163.8230 0017414 170.3223 189.6776 14.78454977    04
STPSat 2 HAPS
1 37229U 10062H   15117.87255059 0.00000030  00000-0  11510-3 0    05
2 37229  72.0083  75.1114 0143915  59.9848 300.0151 12.86574101    05
Mentor 5
1 37232U 10063A   15107.79422155 0.00000000  00000-0  00000-0 0    09
2 37232   3.7717 227.0527 0047219  43.4282 316.9661  1.00270000    07
Mentor 5 r
1 37233U 10063B   15113.01663562 0.00000000  00000-0  00000-0 0    01
2 37233   3.9064 225.6490 0231462 211.5807 147.0320  1.04032774    07
USA 224
1 37348U 11002A   15118.94688479 0.00020000  00000-0  19147-3 0    00
2 37348  97.7500 231.7054 0508539 240.0686 121.5100 14.83176529    09
USA 225
1 37364U 11006A   14013.71270803  .00000002  00000-0  50000-5 0    03
2 37364  90.0107  32.1378 0013119 273.4615  86.5013 13.11494704    06
USA 227
1 37377U 11011A   15107.16100810 0.00000000  00000-0  00000-0 0    05
2 37377   4.7408 355.0667 0003554 232.0424 127.9352  1.00270000    07
FAST 2
1 37380U 10062M   14033.20310151 0.00000700  00000-0  97442-4 0    04
2 37380  71.9740  79.9879 0014626 282.3762  77.6238 14.77678774    00
NOSS 3-5 (A)
1 37386U 11014A   15119.10886990 0.00000000  00000-0  00000-0 0    05
2 37386  63.4425 200.8312 0009004 119.8687 240.1312 13.40680465    02
NOSS 3-5 (B)
1 37391U 11014B   15119.10878173 0.00000000  00000-0  00000-0 0    05
2 37391  63.4418 200.6131 0009000 119.2610 240.7390 13.40680581    04
SBIRS GEO 1
1 37481U 11019A   15107.05794208 0.00000000  00000-0  00000-0 0    07
2 37481   4.6776 319.7752 0004016 320.4877  39.4860  1.00270000    01
ORS 1
1 37728U 11029A   15089.78420614 0.00006000  00000-0  13105-3 0    07
2 37728  40.0066  25.6227 0005000 126.2976 233.7017 15.43270317    03
IGS 6
1 37813U 11050A   15118.01916577 0.00000000  00000-0  00000-0 0    04
2 37813  97.7499 237.6098 0001000 131.8394 228.1604 14.93412088    07
IGS 6 r
1 37814U 11050B   15113.98124241 0.00008000  00000-0  53949-3 0    06
2 37814  97.7644 242.4064 0009999 279.1144  80.8855 15.06664403    07
IGS 7
1 37954U 11075A   15119.86324781 0.00000000  00000-0  00000-0 0    01
2 37954  97.4582 195.0979 0001000   3.9114 356.0885 15.17639609    06
IGS 7 r
1 37955U 11075B   14250.87409973 0.00017000  00000-0  35886-3 0    06
2 37955  97.3190 330.8655 0017996  67.4970 292.5028 15.45033734    08
Elisa W11
1 38007U 11076A   14249.88251387 0.00000460  00000-0  87873-4 0    05
2 38007  98.1111 323.5537 0001404  84.0983 275.9015 14.64014691    05
Elisa E24
1 38008U 11076B   14229.85698161 0.00000400  00000-0  76441-4 0    09
2 38008  98.1097 306.4140 0001392  77.4252 282.5746 14.63996920    08
Elisa W23
1 38009U 11076C   14249.88266926 0.00000400  00000-0  76410-4 0    01
2 38009  98.1099 323.5548 0002629 273.0793  86.9206 14.64013985    00
Elisa E12
1 38010U 11076D   14241.88615676 0.00000390  00000-0  74509-4 0    00
2 38010  98.1146 318.2825 0002996 257.9595 102.0403 14.64007116    00
WGS 4
1 38070U 12003A   15107.17407652 0.00000000  00000-0  00000-0 0    03
2 38070   0.0200 355.9858 0005459 173.3500 186.6711  1.00270000    07
WGS 4 r
1 38071U 12003B   15107.46233549 0.00000000  00000-0  00000-0 0    08
2 38071  22.3957  92.6818 8181338 185.3103 150.4236  1.15514255    06
MUOS 1
1 38093U 12009A   14001.00000000 0.00000000  00000-0  00000-0 0    04
2 38093   4.4366 328.6889 0052436 182.8996 131.8070  1.00270000    05
MUOS 1 r
1 38094U 12009B   15107.73996645 0.00000000  00000-0  00000-0 0    02
2 38094  18.0809  87.2882 6223438 242.0349  42.6454  2.11804635    04
FIA Radar 2
1 38109U 12014A   15082.05343732 0.00000000  00000-0  00000-0 0    05
2 38109 123.0022 339.5599 0003000 120.9057 239.0942 13.41461202    06
AEHF 2
1 38254U 12019A   15107.36088599 0.00000000  00000-0  00000-0 0    00
2 38254   2.5184 318.5008 0004190 171.0581 188.9634  1.00270000    05
USA 236
1 38466U 12033A   15107.16774572 0.00000000  00000-0  00000-0 0    02
2 38466   2.8119 255.4552 0004421 307.9825  51.9815  1.00270000    02
Mentor 6
1 38528U 12034A   15107.14416585 0.00000000  00000-0  00000-0 0    07
2 38528   1.8309 309.3711 0040364   5.2377 354.8306  1.00270000    03
Mentor 6 r
1 38529U 12034B   15088.18996980 0.00000000  00000-0  00000-0 0    02
2 38529   1.9164 306.0827 0182964 211.1896 147.7121  1.03145719    08
NOSS 3-6 (A)
1 38758U 12048A   15119.83244369 0.00000000  00000-0  00000-0 0    05
2 38758  63.4344 124.2897 0042000 171.8987 188.1013 13.40679730    09
NOSS 3-6 r
1 38770U 12048N   15110.77243844 0.00007500  00000-0  54061-3 0    01
2 38770  64.6562 333.7702 0173449 355.6937   4.3063 14.92531757    07
NOSS 3-6 (P)
1 38773U 12048P   15119.83236184 0.00000000  00000-0  00000-0 0    08
2 38773  63.4372 124.1115 0042000 171.8643 188.1357 13.40680086    05
IGS 8A
1 39061U 13002A   15117.97505741 0.00000000  00000-0  00000-0 0    01
2 39061  97.4749 237.4747 0002000 249.7812 110.2186 15.17626170    05
IGS 8B
1 39062U 13002B   15117.98750559 0.00000000  00000-0  00000-0 0    02
2 39062  97.1434 238.5965 0002000  98.7634 261.2365 15.46474936    01
SBIRS GEO 2
1 39120U 13011A   15114.24339019 0.00000000  00000-0  00000-0 0    07
2 39120   4.7124 320.3386 0008334 262.2495  97.6631  1.00270000    00
WGS 5
1 39168U 13024A   15115.70248930 0.00000000  00000-0  00000-0 0    06
2 39168   0.0201  53.3296 0002380  82.9503 276.9703  1.00270000    04
WGS 5 r
1 39169U 13024B   15099.20093888 0.00000000  00000-0  00000-0 0    03
2 39169  25.3197 332.3809 8213674 348.6042   0.6414  1.09777100    00
MUOS 2
1 39206U 13036A   15115.59997921 0.00000000  00000-0  00000-0 0    00
2 39206   4.4297 329.6084 0053140   1.6440 358.3417  1.00270000    09
MUOS 2 r
1 39207U 13036B   15088.32483609 0.00000000  00000-0  00000-0 0    04
2 39207  17.8406 209.6725 6136980  29.7848 354.1648  2.09944463    03
WGS 6
1 39222U 13041A   15071.17199055 0.00000000  00000-0  00000-0 0    01
2 39222   0.1310  96.2559 0002280 333.3243  26.6757  1.00270000    07
WGS 6 r
1 39223U 13041B   15082.01168703 0.00012000  00000-0  10281-2 0    00
2 39223  25.7542  42.7544 8334836 349.0439   0.5529  1.11454345    08
USA 245
1 39232U 13043A   15118.84445307 0.00024000  00000-0  24344-3 0    00
2 39232  97.8476 182.6503 0501872  14.2542 345.7456 14.83572861    07
AEHF 3
1 39256U 13050A   14317.12897452 0.00000000  00000-0  00000-0 0    01
2 39256   4.2844 303.5451 0006073   4.7450 355.2870  1.00270000    06
FIA Radar 3
1 39462U 13072A   15119.05556789 0.00000000  00000-0  00000-0 0    02
2 39462 122.9997   4.3520 0004250 157.6231 202.3768 13.41437108    05
FIA Radar 3 r
1 39475U 13072P   15119.88883633 0.00007500  00000-0  71329-3 0    05
2 39475 120.4616 233.0621 0293455 124.1644 235.8356 14.65819650    04
DMSP F19
1 39630U 14015A   15054.76036452 0.00000200  00000-0  10548-3 0    06
2 39630  98.8336  71.6619 0010000  88.2334 271.7664 14.13937459    08
Ofeq 10
1 39650U 14019A   15119.34313163 0.00000000  00000-0  00000-0 0    02
2 39650 140.9840   5.1301 0000645 175.0537 184.9455 15.26000047    05
USA 250 r
1 39653U 14020B   15027.73890053 0.00000000  00000-0  00000-0 0    06
2 39653  11.2846 288.6935 4867569 231.6122  73.7509  1.86025907    02
USA 252
1 39751U 14027A   15074.62938309 0.00000000  00000-0  00000-0 0    09
2 39751   4.3327 255.4515 0004236 212.7915 147.1931  1.00270000    01
GSSAP 1
1 40099U 14043A   15075.15735905 0.00000000  00000-0  00000-0 0    00
2 40099   0.1049 100.4273 0004545 328.1692  31.8192  1.00139487    01
ANGELS
1 40101U 14043C   15074.93571739 0.00000000  00000-0  00000-0 0    02
2 40101   0.2830  13.8442 0011625 287.3654  72.5192  0.98912996    02
GSSAP r
1 40102U 14043D   15114.38815155 0.00000000  00000-0  00000-0 0    00
2 40102   0.3166  22.8913 0013222 272.1749  87.6899  0.98913373    02
CLIO r
1 40209U 14055B   15066.35590377 0.00000000  00000-0  00000-0 0    00
2 40209  20.6442 166.8349 4765729 204.9548 121.4513  1.84617428    02
USA 259
1 40344U 14081A   15058.15544412 0.00000616  00000-0  00000-0 0    00
2 40344  62.8371 204.5270 6783111 266.9758  19.9330  2.00620480    01
IGS 9
1 40381U 15004A   15117.91013943 0.00000000  00000-0  00000-0 0    04
2 40381  97.4995 189.9596 0006379 135.7861 224.2137 15.27604783    08
IGS 9 r
1 40382U 15004B   15117.92223583 0.00012000  00000-0  44824-3 0    07
2 40382  97.4877 191.0368 0012288  80.3122 279.6877 15.27334889    02
IGS Opt 5
1 40538U 15015A   15119.89916023 0.00000000  00000-0  00000-0 0    00
2 40538  97.5090 192.2005 0002000  52.7266 307.2733 15.17602939    09
IGS Opt 5 r
1 40539U 15015B   15117.88780047 0.00012000  00000-0  41949-3 0    06
2 40539  97.2587 189.3443 0012889 334.9011  25.0987 15.29503025    05
Unknown 990907
1 90004U 99750A   14362.69224246 0.00001479  00000-0  00000-0 0    08
2 90004  63.4434   1.5435 7274994 249.4480  23.6681  2.01433149    03
Unknown 000405
1 90006U 00596A   14264.45949033 0.00000208  00000-0  00000-0 0    02
2 90006  63.6848 226.6004 6739962 263.6346  21.8695  2.00647448    00
Prowler
1 90007U 90097E   15100.75889437 0.00000000  00000-0  00000-0 0    02
2 90007  14.9255  14.5374 0045671 174.9530 185.1053  1.00326888    09
Unknown 040208
1 90020U 04539A   14359.63517193 -.00001254  00000-0  00000-0 0    05
2 90020  61.4180 238.5789 7427413 253.4059  19.8738  2.00936254    08
Unknown 050702
1 90040U 05683A   15074.43415660 0.00003200  00000-0  11584-2 0    00
2 90040  27.5152 110.9619 6966066 117.6807 327.7547  2.67233195    06
Unknown 060625
1 90057U 06676A   15002.64975559 0.00000250  00000-0  66862-3 0    05
2 90057  27.0284 352.5127 7151636 178.9539 184.9641  2.35966221    01
Unknown 060624
1 90059U 06675A   14323.91902458 0.00001200  00000-0  17299-2 0    04
2 90059  28.5160 263.4097 7204660 147.6417 212.3581  2.32267514    07
Unknown 060616
1 90061U 06667A   15107.94210044 0.00015000  00000-0  15545-2 0    00
2 90061  27.5492  97.6982 6703789 303.9117   9.4140  3.06111477    00
Unknown 070914
1 90077U 07757A   14329.67826719 0.00000640  00000-0  10892-2 0    09
2 90077  28.6503 322.7341 7149998 186.3811 153.8703  2.38216204    01
Unknown 080818
1 90082U 08731A   14328.33656407 0.00001169  00000-0  00000-0 0    00
2 90082  62.4682 203.6042 6679974 259.5423  24.5118  2.00875924    02
Unknown 090126
1 90083U 09526A   15094.83427383 -.00000667  00000-0  00000-0 0    02
2 90083  64.0184  93.8804 6906573 261.9471  21.0728  2.00573610    07
Unknown 9O0DC57
1 90084U 09710A   14267.79155560 0.00000000  00000-0  00000-0 0    09
2 90084  25.8484 298.3009 7628123 266.6435  12.9804  0.44292104    06
Unknown 091017
1 90085U 09790A   14311.62877838 0.00008500  00000-0  14439-2 0    05
2 90085  25.1744 140.0786 6593724  11.5126 358.2613  3.19680369    08
Unknown 110619
1 90086U 11670A   15099.83940332 0.00015500  00000-0  24501-2 0    02
2 90086  26.0704 121.4999 6647200 148.8525 278.3359  3.12559773    06
Unknown 110623
1 90087U 11674A   15062.30637145 -.00000002  00000-0  00000-0 0    02
2 90087  27.3213 102.7226 7304563  45.5986 354.6638  2.00861358    07
Unknown 120723
1 90089U 12705A   12242.87100169 0.00014500  00000-0  11442-2 0    01
2 90089  25.9301 120.8310 7003462 195.1156 122.2007  2.66527571    08
Unknown 120530
1 90090U 12651A   15086.85005102 0.00000400  00000-0  14334-3 0    09
2 90090  63.3169  99.4225 0722365  61.9345 298.0655 13.42083993    09
Unknown 131121
1 90091U 13825A   15083.74071174 0.00001259  00000-0  00000-0 0    06
2 90091  62.7562 305.6001 7184083 275.5616  13.6937  2.00945880    02
ISON 144605
1 90092U 14735A   15055.76485725 0.00000000  00000-0  00000-0 0    03
2 90092  15.2092   7.4745 0061086  61.8592 299.0300  0.99536565    01
ISON 69200
1 90093U 14776A   14315.16893180 0.00000429  00000-0  13091-1 0    09
2 90093   3.8405 308.0871 7265778 296.3111   8.3494  2.08186653    02
ISON 73800
1 90094U 14776B   15048.55019996 0.00000000  00000-0  00000-0 0    02
2 90094  23.9882 292.4548 5159786 193.1999 145.3334  1.94972953    04
ISON 60300
1 90095U 14784A   14284.61299940 0.00000000  00000-0  00000-0 0    09
2 90095  63.1946 229.8784 6997432 265.8347  18.5519  2.38687000    02
ISON 70200
1 90096U 14790A   15010.69809503 -.00001143  00000-0  00000-0 0    05
2 90096  63.6344 316.3041 7257516 274.9184  13.3541  2.04977653    08
ISON 37600
1 90097U 14792A   14329.22101470 0.00000000  00000-0  00000-0 0    07
2 90097   4.5550 100.3423 5646809  85.4993 333.4571  3.99435538    00
ISON 63200
1 90099U 14792C   14292.39629740 0.00000000  00000-0  00000-0 0    01
2 90099  28.6805  73.0144 7237000 356.4979   0.2987  2.27710166    07
ISON 144402
1 90100U 14798A   14313.95572657 0.00000000  00000-0  00000-0 0    00
2 90100   9.6970  44.0880 0220655 176.3869 183.8703  0.99723473    01
ISON 59501
1 90101U 14817A   14317.09270388 0.00000000  00000-0  00000-0 0    08
2 90101  10.7796 334.9840 6996980 142.3878 218.4241  2.41793291    04
ISON 145505
1 90102U 14819A   14319.95830267 0.00000000  00000-0  00000-0 0    06
2 90102  12.5652  39.0873 0787387 201.2781 155.2318  0.98931916    07
ISON 64800
1 90103U 14820A   14344.38016351 0.00000000  00000-0  00000-0 0    04
2 90103  63.9219 195.1708 6529776 260.7767  25.4332  2.21892600    02
ISON 119400
1 90105U 14829A   14344.29147547 0.00000000  00000-0  00000-0 0    07
2 90105   7.6214 134.9890 1379645  80.2524 295.0364  1.20496503    06
ISON 59700
1 90106U 14844A   14344.93775833 0.00001037  00000-0  11372-2 0    08
2 90106   1.7288 107.8123 7133426  65.2861 350.7480  2.42060426    03
ISON 68600
1 90107U 14844B   14344.56595229 0.00000000  00000-0  00000-0 0    00
2 90107   5.9532  78.8720 6279691 158.2173 249.7319  2.09703600    04
ISON 47601
1 90108U 14845A   15083.95102040 0.00051000  00000-0  13922-2 0    06
2 90108  26.0860 326.6715 6310050 342.8833   3.0396  3.65735150    04
ISON 54102
1 90109U 15523A   15029.57905560 0.00005800  00000-0  46958-2 0    09
2 90109  10.4211 317.0590 6904054 338.7542   2.8690  2.72178709    03
ISON 20100
1 90110U 15545A   15045.04292572 0.00000901  00000-0  94884-3 0    06
2 90110  63.6259 336.8399 3953340 298.9469  27.1475  7.14307836    04
ISON 60601
1 90111U 15607A   15107.89871643 0.00001000  00000-0  13050-1 0    05
2 90111  10.6896  53.7508 7057175 341.8331   1.9904  2.37655470    09
ISON 62200
1 90112U 15614A   15114.81795662 0.00000505  00000-0  12336-2 0    06
2 90112   5.6630 163.6807 7185228 168.6699 227.4237  2.32366316    03
Unknown 050612
1 96031U 96531A   15080.25452587 0.00000000  00000-0  00000-0 0    08
2 96031   5.1516 313.1486 0223259 256.9398 100.4635  1.01901946    00
Unknown 100202
1 96041U 96541A   15099.26936811 0.00000000  00000-0  00000-0 0    08
2 96041  14.0028 341.3708 0049515 271.3454  88.0230  1.00318585    05
Unknown 090720
1 96044U 96544A   13213.96435434 0.00000000  00000-0  00000-0 0    02
2 96044  14.5576 347.4845 0039721 348.7141  11.0959  1.00295404    08
Unknown 050403
1 96058U 96558A   15074.64245066 0.00000000  00000-0  00000-0 0    04
2 96058  17.0766 342.8310 0026335 320.3549  39.4775  0.94325975    02
Ekran 5 (deb G)
1 96137U 80060G   14001.00000000  .00000000  00000-0  00000-0 0    09
2 96137  13.9300 336.5998 0016661 203.5102  90.4474  1.00306576    06
96668A
1 96168U 96668A   13132.00000000  .00000000  00000-0  00000-0 0    08
2 96168  14.0320  13.9225 0196690  23.9946 180.7583  1.00183607    06
Unknown 131120
1 99079U 13825B   13363.74830283 0.00001500  00000-0  98408-3 0    05
2 99079  28.4797 354.6079 7174271 236.0369  35.0259  2.38868356    08
Essaim 14547A
1 99091U 14547A   15106.06369873 0.00001500  00000-0  20041-3 0    03
2 99091  98.2857 165.8286 0003236 156.5361 203.4638 14.79606808    01
Unknown140221E
1 99096U 14552E   15094.54709958 0.00000475  00000-0  96842-3 0    07
2 99096  63.2593 310.6070 7296734 272.1640  13.8801  2.19839083    04
Unknown 130404
1 99208U 13594A   15088.67056613 0.00052500  00000-0  11356-2 0    09
2 99208  20.2334 308.1508 5124231 334.6632   7.1747  5.53588683    01
Unknown 130704
1 99210U 13685A   14069.04695595 0.00002500  00000-0  20591-2 0    06
2 99210  63.3069 292.6481 0395082 121.1046 238.8954 13.58329404    02
Unknown 130725
1 99212U 13706A   13307.80302493 0.00006000  00000-0  71967-2 0    04
2 99212  27.9513 213.3094 7193211  36.0349 355.6476  2.34376473    08
Essaim 14544A
1 99221U 14544A   14352.73575117 0.00000040  00000-0  56847-5 0    04
2 99221  98.3333  37.0763 0000998 162.4960 197.5039 14.76988275    05
Unknown 140607
1 99224U 14658A   14215.31222519 0.00000000  00000-0  00000-0 0    01
2 99224  63.2984 259.9086 0681901  80.0832 279.9168 13.86809788    05
Unknown 140405
1 99406U 14602A   14250.73757449 0.00000900  00000-0  28652-3 0    07
2 99406  63.3045  73.6194 0739742  83.6462 276.3538 13.43351658    05
