SAUDISAT 1C             
1 27607U 02058C   15120.56759642  .00000450  00000-0  63761-4 0  9996
2 27607  64.5576 344.1989 0079054 297.5638  61.7947 14.74673845664267
SAUDISAT 2              
1 28371U 04025F   15120.86324450  .00000363  00000-0  95978-4 0  9997
2 28371  98.0249  91.1935 0024780 230.3750 129.5284 14.54021196574723
UNISAT 3                
1 28373U 04025H   15120.44903473  .00000519  00000-0  15650-3 0  9992
2 28373  98.2478  69.5258 0070553  56.2111  81.7135 14.45049130571429
SAUDISAT 3              
1 31118U 07012B   15120.78597718  .00000346  00000-0  66965-4 0  9994
2 31118  97.7359 145.6219 0013799 241.0365 118.9441 14.68865295430733
