GOES 3                  
1 10953U 78062A   15313.56894012 -.00000106  00000-0  00000+0 0  9996
2 10953  14.0421 337.5684 0005046 194.3753 335.2530  1.00279895 90095
TDRS 3                  
1 19548U 88091B   15313.26644595 -.00000296  00000-0  00000+0 0  9994
2 19548  14.7136  14.4148 0038733 299.1957 127.9114  1.00264180 86538
SKYNET 4C               
1 20776U 90079A   15312.22407191 -.00000033  00000-0  00000+0 0  9991
2 20776  13.4665  22.1934 0002760 212.9350 251.4508  1.00273574 92091
TDRS 5                  
1 21639U 91054B   15312.48570759  .00000091  00000-0  00000+0 0  9996
2 21639  13.8971  27.8440 0018492 319.7524  66.9018  1.00269072 88869
TDRS 6                  
1 22314U 93003B   15313.47065130 -.00000286  00000-0  00000+0 0  9992
2 22314  13.3789  30.6797 0007365 256.1244 245.1733  1.00273860 83544
INTELSAT 701 (IS-701)   
1 22871U 93066A   15312.23697574 -.00000217  00000-0  00000+0 0  9999
2 22871   3.0734  70.2214 0004475 172.7941 219.8865  1.00269300 80510
NATO 4B                 
1 22921U 93076A   15312.79589955  .00000136  00000-0  00000+0 0  9999
2 22921  11.7731  28.8513 0003277 195.1195 142.8372  1.00270275 80251
INTELSAT 702 (IS-702)   
1 23124U 94034A   15312.09325962  .00000152  00000-0  00000+0 0  9997
2 23124   3.4183  68.5356 0002343 162.7452 242.1974  1.00269757 92530
OPTUS B3                
1 23227U 94055A   15312.65163037 -.00000078  00000-0  00000+0 0  9997
2 23227   6.4459  54.7260 0007085 181.8083 209.7630  1.00272001 77609
ASTRA 1D                
1 23331U 94070A   15313.35720668 -.00000281  00000-0  00000+0 0  9993
2 23331   6.6304  53.8426 0003788 181.0189 254.6655  1.00271461 77330
BRASILSAT B2            
1 23536U 95016A   15313.44008561 -.00000282  00000-0  00000+0 0  9993
2 23536   6.2521  55.6411 0002239 189.0339 258.8471  1.00273498 75481
AMSC 1                  
1 23553U 95019A   15312.60355228 -.00000110  00000-0  00000+0 0  9997
2 23553   9.2786  45.3658 0006368 174.8823 301.1918  1.00271751 75323
TDRS 7                  
1 23613U 95035B   15313.48178873 -.00000193  00000-0  00000+0 0  9999
2 23613  14.6437  21.5194 0017524  20.7417 264.1313  1.00267154 74315
ECHOSTAR 1              
1 23754U 95073A   15313.07900949 -.00000242  00000-0  00000+0 0  9994
2 23754   0.0031  42.1171 0002327 186.3459 130.8019  1.00272719 72610
INMARSAT 3-F1           
1 23839U 96020A   15313.04715331  .00000010  00000-0  00000+0 0  9999
2 23839   2.8613  70.2490 0006206 167.6839 251.4920  1.00270443 71780
ASTRA 1F                
1 23842U 96021A   15313.11363057  .00000139  00000-0  00000+0 0  9998
2 23842   0.0694  53.9242 0003448 174.3037 264.9786  1.00271328 71496
MSAT M1                 
1 23846U 96022A   15312.69925089 -.00000079  00000-0  00000+0 0  9998
2 23846   6.8212  53.4784 0005296 176.4394 321.8598  1.00272510 71597
PALAPA C2               
1 23864U 96030A   15312.43523302 -.00000237  00000-0  00000+0 0  9997
2 23864   4.4951  62.8049 0000595 169.0259 118.2353  1.00273369 71336
INMARSAT 3-F2           
1 24307U 96053A   15313.06020624 -.00000122  00000-0  00000+0 0  9997
2 24307   1.4375  80.6285 0006629 154.3353 179.1624  1.00271526 70184
AMC-1 (GE-1)            
1 24315U 96054A   15312.50995387  .00000057  00000-0  00000+0 0  9998
2 24315   0.3559  87.7207 0002548 135.7141 238.3902  1.00272974 70186
AFRICASAT-2 (MEASAT-2)  
1 24653U 96063B   15312.76487598 -.00000221  00000-0  00000+0 0  9995
2 24653   6.5452  54.3058 0009906 160.9190 255.8383  1.00272904 69519
EUTELSAT 48A            
1 24665U 96067A   15312.78661396  .00000118  00000-0  00000+0 0  9998
2 24665   5.3510  59.2120 0006214 181.1488 138.7547  1.00274680 69842
INMARSAT 3-F3           
1 24674U 96070A   15312.56157138  .00000038  00000-0  00000+0 0  9993
2 24674   2.2760  74.6373 0005566 162.6177 190.4609  1.00271639 69120
AMC-2 (GE-2)            
1 24713U 97002A   15313.14288744 -.00000226  00000-0  00000+0 0  9996
2 24713   3.2327  69.1083 0005224 165.2054 144.2946  1.00270367 19487
INTELSAT 26 (IS-26)     
1 24732U 97007A   15312.78698749  .00000025  00000-0  00000+0 0  9997
2 24732   6.5137  54.5642 0005445 157.2142 181.3765  1.00271927 68440
GALAXY 25 (G-25)        
1 24812U 97026A   15313.19433262 -.00000163  00000-0  00000+0 0  9994
2 24812   0.0094 356.6306 0002998 220.1160 168.2080  1.00272187 67524
INMARSAT 3-F4           
1 24819U 97027A   15313.35618434 -.00000287  00000-0  00000+0 0  9993
2 24819   4.7277  61.1062 0005204 167.7514 253.5772  1.00274930 67528
SUPERBIRD-A3            
1 24880U 97036A   15312.20425093 -.00000133  00000-0  00000+0 0  9991
2 24880   5.6671  57.8408 0008771 181.0346  39.8076  1.00272067 66894
ABS-3                   
1 24901U 97042A   15313.36735943 -.00000124  00000-0  00000+0 0  9998
2 24901   3.7995  66.8385 0006349 167.5682 290.3616  1.00273190 66691
INTELSAT 5 (IS-5)       
1 24916U 97046A   15311.62915573 -.00000142  00000-0  00000+0 0  9994
2 24916   2.3928  74.0587 0003522 158.9034 197.0812  1.00272231 66762
METEOSAT-7              
1 24932U 97049B   15313.58337334  .00000053  00000-0  00000+0 0  9995
2 24932   9.8924  42.8067 0002086 232.5706  40.9554  1.00278960 66587
AMC-3 (GE-3)            
1 24936U 97050A   15312.43222506 -.00000275  00000-0  10000-3 0  9990
2 24936   0.0131 286.5378 0002823 306.4441 262.9437  1.00271812 66600
NSS-5                   
1 24957U 97053A   15312.78666734  .00000110  00000-0  00000+0 0  9991
2 24957   2.6985  72.3262 0003754 167.1530 141.9252  1.00275214 66393
ECHOSTAR 3              
1 25004U 97059A   15313.04505433 -.00000282  00000-0  00000+0 0  9990
2 25004   0.9517  82.5463 0001056 176.0673 103.7287  1.00270313 66316
JCSAT-1B                
1 25067U 97075A   15312.53826655 -.00000203  00000-0  00000+0 0  9995
2 25067   4.5146  62.6449 0007609 173.9868 154.6260  1.00272318 65703
ASTRA 1G                
1 25071U 97076A   15312.78691888  .00000048  00000-0  00000+0 0  9992
2 25071   1.1317  79.7187 0003561 156.8586 154.2387  1.00274585 65703
BRASILSAT B3            
1 25152U 98006A   15313.32014351 -.00000169  00000-0  00000+0 0  9996
2 25152   2.9103  71.5917 0003335 158.0808 201.8029  1.00271666 65097
INMARSAT 3-F5           
1 25153U 98006B   15313.09354123  .00000140  00000-0  00000+0 0  9993
2 25153   1.4135  73.9055 0004813 161.2040 231.1333  1.00270950 65057
NSS-806                 
1 25239U 98014A   15313.43655050 -.00000278  00000-0  00000+0 0  9991
2 25239   0.0717  45.4449 0004856 183.1004 289.4493  1.00273154 64820
CHINASAT 5A (ZX 5A)     
1 25354U 98033A   15312.60188243 -.00000268  00000-0  00000+0 0  9992
2 25354   0.0453  76.8666 0000873  96.8891 232.4142  1.00269864 68403
THOR III                
1 25358U 98035A   15311.16788391 -.00000043  00000-0  00000+0 0  9999
2 25358   4.3955  62.8720 0003056 173.3011 226.0568  1.00272979 63854
INTELSAT 805 (IS-805)   
1 25371U 98037A   15312.09106420 -.00000289  00000-0  00000+0 0  9998
2 25371   0.0212 259.7683 0000904  84.0810  40.4125  1.00271044 63722
ASTRA 2A                
1 25462U 98050A   15312.67455442  .00000148  00000-0  00000+0 0  9992
2 25462   0.0560 246.3876 0002752 288.6210 143.3945  1.00271153 62895
INTELSAT 7 (IS-7)       
1 25473U 98052A   15313.30510934 -.00000141  00000-0  00000+0 0  9999
2 25473   1.9870  77.0313 0004818 150.3910 272.4089  1.00271961 62815
SIRIUS 3                
1 25492U 98056B   15310.89928708  .00000097  00000-0  00000+0 0  9996
2 25492   5.4772  58.6135 0001330 187.6799 174.5697  1.00277324 62633
AFRISTAR                
1 25515U 98063A   15312.09298519  .00000124  00000-0  00000+0 0  9995
2 25515   2.1607  70.9521 0004644 154.6454 235.8827  1.00269707 62282
INTELSAT 8 (IS-8)       
1 25522U 98065A   15312.53007267 -.00000032  00000-0  00000+0 0  9991
2 25522   0.0405 106.2608 0003078 115.0889 185.9046  1.00272088 62289
EUTELSAT 115 WEST A     
1 25558U 98070A   15313.32720360 -.00000024  00000-0  00000+0 0  9991
2 25558   1.9893  76.6553 0004566 162.1829 172.1753  1.00272913 62200
JCSAT-4A                
1 25630U 99006A   15312.57316365 -.00000156  00000-0  00000+0 0  9990
2 25630   1.0946  82.8410 0001732 160.5426  92.3561  1.00271243 61157
SKYNET 4E               
1 25639U 99009B   15309.11927251  .00000017  00000-0  00000+0 0  9995
2 25639   9.5308  33.3891 0002451 191.9062 227.6386  1.00270968 61148
ASIASAT 3S              
1 25657U 99013A   15312.77265351 -.00000197  00000-0  00000+0 0  9992
2 25657   1.3166  80.9563 0004265 150.7404 244.6233  1.00271716 60985
ASTRA 1H                
1 25785U 99033A   15313.43605256 -.00000278  00000-0  00000+0 0  9992
2 25785   2.6851  72.5194 0002927 161.5419 283.5361  1.00271061 59950
TELKOM 1                
1 25880U 99042A   15311.95991350 -.00000348  00000-0  00000-0 0  9995
2 25880   0.0098 209.0749 0001632  67.6492 223.7076  1.00273976 59533
ABS-7                   
1 25894U 99046A   15312.72822383 -.00000363  00000-0  00000+0 0  9995
2 25894   0.0171 208.3949 0002422  61.1407 156.3523  1.00272919 58327
GALAXY 27 (G-27)        
1 25922U 99052A   15313.09539818 -.00000004  00000-0  00000+0 0  9995
2 25922   2.0608  75.9892 0007500 139.1365 293.3963  1.00270184 59055
ABS-6                   
1 25924U 99053A   15312.82922373 -.00000120  00000-0  00000+0 0  9999
2 25924   0.0663  83.4192 0002716 157.0004 264.8539  1.00272351 59034
TELSTAR 12 (ORION 2)    
1 25949U 99059A   15309.30821270 -.00000131  00000-0  00000+0 0  9997
2 25949   0.0186  91.6978 0002043 133.1231 275.3852  1.00270685 58654
AMC-4 (GE-4)            
1 25954U 99060A   15312.43222686 -.00000275  00000-0  10000-3 0  9993
2 25954   0.0504  68.1234 0000641  64.2785   3.5323  1.00271710 58641
GALAXY 11 (G-11)        
1 26038U 99071A   15312.24816012 -.00000288  00000-0  00000+0 0  9999
2 26038   0.0305 273.1899 0000574   7.8387 159.8654  1.00276489 58263
HISPASAT 1C             
1 26071U 00007A   15313.50512242 -.00000211  00000-0  00000+0 0  9991
2 26071   0.0686  69.2809 0001607 165.6449 271.4630  1.00271800 57803
SUPERBIRD-B2            
1 26095U 00012A   15312.55067863 -.00000094  00000-0  00000+0 0  9990
2 26095   0.0091 259.0937 0002322 318.7772 189.8275  1.00271873 57598
EXPRESS-A2              
1 26098U 00013A   15310.64034016 -.00000292  00000-0  10000-3 0  9991
2 26098   8.0841  49.0543 0027979  42.6374 308.2430  0.99357725 57305
ASIASTAR                
1 26107U 00016A   15313.47346227 -.00000331  00000-0  00000+0 0  9998
2 26107   0.4744  78.2455 0004807 161.4396  84.1230  1.00270528 57316
EUTELSAT 16C            
1 26243U 00019A   15312.63756028  .00000094  00000-0  00000+0 0  9998
2 26243   3.1501  69.3525 0003611 172.8040  49.3890  1.00273334 56942
EUTELSAT 36A            
1 26369U 00028A   15313.16769510  .00000155  00000-0  00000+0 0  9994
2 26369   0.0707 352.1105 0004239 246.1742 266.2119  1.00271496 56641
TDRS 8                  
1 26388U 00034A   15312.61140016 -.00000225  00000-0  00000+0 0  9994
2 26388   6.4703  61.2609 0006160 160.6880 134.8805  1.00272645 56338
ECHOSTAR 6              
1 26402U 00038A   15312.37212133 -.00000147  00000-0  00000+0 0  9991
2 26402   3.0616  70.2758 0003172 157.7053 217.0290  1.00272110 56075
INTELSAT 9 (IS-9)       
1 26451U 00043A   15313.31342064 -.00000269  00000-0  00000+0 0  9998
2 26451   2.3815  74.2805 0002776 157.2786 246.3707  1.00270739 56013
BRASILSAT B4            
1 26469U 00046A   15312.49781192 -.00000213  00000-0  00000+0 0  9996
2 26469   0.4535  89.3504 0002573 147.3336 265.8918  1.00275044 55797
NILESAT 102             
1 26470U 00046B   15312.16789591 -.00000060  00000-0  00000+0 0  9993
2 26470   0.4658  84.8601 0005612 150.1217 225.5007  1.00272351 55790
ASTRA 2B                
1 26494U 00054A   15312.09322150  .00000152  00000-0  00000+0 0  9995
2 26494   1.0149  80.0077 0003127 161.8239 230.0945  1.00275327 55399
AMC-7 (GE-7)            
1 26495U 00054B   15313.40246213  .00000088  00000-0  00000+0 0  9995
2 26495   0.0406  74.5032 0002686 174.1858 169.4664  1.00270546 55422
NSS-11 (AAP-1)          
1 26554U 00059A   15312.50433481 -.00000347  00000-0  00000+0 0  9990
2 26554   0.0438  74.0266 0000957 118.1359 144.9936  1.00272290 55350
N-SAT-110 (JCSAT-110)   
1 26559U 00060A   15312.58006803 -.00000353  00000-0  00000+0 0  9996
2 26559   0.0196 106.0064 0000510  17.2153 243.1517  1.00272197 55290
AMC-6 (GE-6)            
1 26580U 00067A   15312.24023400 -.00000262  00000-0  00000+0 0  9991
2 26580   0.0340  72.1421 0002323 171.7266 177.7418  1.00270071 55145
INTELSAT 12 (IS-12)     
1 26590U 00068A   15313.11363057  .00000136  00000-0  00000+0 0  9994
2 26590   0.0272 102.8370 0003232 119.0648 271.9944  1.00271793 54965
INTELSAT 1R (IS-1R)     
1 26608U 00072A   15313.36889264 -.00000282  00000-0  00000+0 0  9992
2 26608   0.0158 268.0128 0000567 129.5710  93.4665  1.00271518 54825
ANIK F1                 
1 26624U 00076A   15312.37183927 -.00000077  00000-0  00000+0 0  9999
2 26624   0.0139 209.1635 0003792 332.4490 252.2306  1.00272485 54881
ASTRA 2D                
1 26638U 00081A   15313.09354887  .00000152  00000-0  00000+0 0  9998
2 26638   2.5225  72.8686 0001840 152.7542 241.1541  1.00492200 54554
AMC-8 (GE-8)            
1 26639U 00081B   15312.44341006  .00000102  00000-0  00000+0 0  9991
2 26639   0.0551  76.1222 0002351 148.9873 202.8503  1.00273133 54436
TURKSAT 2A              
1 26666U 01002A   15312.78644626  .00000144  00000-0  00000+0 0  9992
2 26666   0.0816  51.1651 0003409 199.2733 122.3740  1.00274726 54324
SKYNET 4F               
1 26695U 01005B   15313.30104385 -.00000243  00000-0  00000+0 0  9990
2 26695   8.1635  41.0357 0003462 180.9506 260.5475  1.00275374 54048
EUTELSAT 33C            
1 26719U 01011A   15312.87943918  .00000155  00000-0  00000+0 0  9999
2 26719   0.0766  25.5314 0004793 203.7380 168.1714  1.00271282 53742
XM-1 (ROLL)             
1 26761U 01018A   15310.50462932 -.00000212  00000-0  00000+0 0  9998
2 26761   0.0784 269.9114 0005039 133.5173  87.7997  1.00737924 53160
INTELSAT 10 (IS-10)     
1 26766U 01019A   15312.78659109  .00000125  00000-0  00000+0 0  9992
2 26766   0.3000  86.8506 0002923 158.6868 132.8239  1.00274645 53097
INTELSAT 901 (IS-901)   
1 26824U 01024A   15312.28920539 -.00000143  00000-0  00000+0 0  9997
2 26824   0.0216 349.5727 0002878 242.0267 261.6926  1.00273347 52767
ASTRA 2C                
1 26853U 01025A   15312.78693413  .00000045  00000-0  00000+0 0  9993
2 26853   0.0390 328.9227 0003233 264.3246 158.0248  1.00272437 52741
ARTEMIS                 
1 26863U 01029A   15311.15080032  .00000110  00000-0  00000+0 0  9998
2 26863  12.0354  39.4153 0005551 222.9976 219.2980  1.00274717 53547
INTELSAT 902 (IS-902)   
1 26900U 01039A   15313.10222980  .00000033  00000-0  00000+0 0  9992
2 26900   0.0202 286.3308 0002977 301.8726 278.5877  1.00269185 51939
EUTELSAT 8 WEST A       
1 26927U 01042A   15313.30139532 -.00000101  00000-0  00000+0 0  9994
2 26927   0.0647   0.9174 0005747 233.3110 269.7681  1.00272060 51690
DIRECTV 4S              
1 26985U 01052A   15312.56784227 -.00000116  00000-0  00000+0 0  9999
2 26985   0.0014  69.0546 0001970 167.6171 274.0311  1.00273089 51153
INSAT-3C                
1 27298U 02002A   15313.03082407 -.00000078  00000-0  00000+0 0  9994
2 27298   0.0584  84.3436 0002841 122.3586 286.2904  1.00272084 50524
ECHOSTAR 7              
1 27378U 02006A   15312.55697741 -.00000003  00000-0  00000+0 0  9994
2 27378   0.0193  37.0634 0001505 246.5177 205.5722  1.00272627 50227
INTELSAT 904 (IS-904)   
1 27380U 02007A   15313.09262987  .00000048  00000-0  00000+0 0  9996
2 27380   0.0297  73.0043 0003015 162.9797 265.3343  1.00273414 50268
TDRS 9                  
1 27389U 02011A   15312.22241773 -.00000095  00000-0  00000+0 0  9997
2 27389   4.0431  87.7506 0018360 209.0811 178.4586  1.00272487 51595
JCSAT-2A                
1 27399U 02015A   15312.50551638 -.00000167  00000-0  00000+0 0  9997
2 27399   0.0173 287.0481 0001812 290.9477 165.3985  1.00272407 49781
ASTRA 3A                
1 27400U 02015B   15312.51795882  .00000070  00000-0  00000+0 0  9994
2 27400   2.6925  71.6817 0001038 168.4259 176.9128  1.00272716 49874
INTELSAT 903 (IS-903)   
1 27403U 02016A   15313.30088221 -.00000238  00000-0  00000+0 0  9995
2 27403   0.0172 328.8560 0003398 263.9767 249.1684  1.00271184 49813
NSS-7                   
1 27414U 02019A   15312.92278938 -.00000155  00000-0  00000+0 0  9991
2 27414   0.6840  86.3160 0002840 149.0300 124.6604  1.00270966 49741
DIRECTV 5 (TEMPO 1)     
1 27426U 02023A   15313.44519683 -.00000056  00000-0  00000+0 0  9992
2 27426   0.0094 272.1333 0003030 316.8722 229.4654  1.00271896 49483
INTELSAT 905 (IS-905)   
1 27438U 02027A   15313.36772706 -.00000184  00000-0  00000+0 0  9999
2 27438   0.0072  48.7842 0002740 158.2695 309.0829  1.00271502 49133
EXPRESS-A4              
1 27441U 02029A   15311.79331834 -.00000117  00000-0  00000-0 0  9990
2 27441   5.0410  60.5336 0005839 149.1627 108.5769  1.00270574 49115
GALAXY 3C (G-3C)        
1 27445U 02030A   15311.54410225 -.00000156  00000-0  00000+0 0  9993
2 27445   0.0119 311.1062 0001657  46.0582 150.1175  1.00270979 49102
EUTELSAT 5 WEST A       
1 27460U 02035A   15313.00169931 -.00000043  00000-0  00000+0 0  9998
2 27460   0.0601  44.9481 0005874 191.7300 166.8138  1.00271800 48917
N-STAR C                
1 27461U 02035B   15311.63807325 -.00000311  00000-0  00000+0 0  9990
2 27461   3.5253  68.3179 0002220 192.5316 151.3892  1.00269224 48813
EUTELSAT 33D            
1 27499U 02038A   15312.77577446  .00000154  00000-0  00000+0 0  9992
2 27499   0.0754 307.6341 0001911 172.8087 239.6092  1.00267619 48384
ECHOSTAR 8              
1 27501U 02039A   15312.42887250 -.00000245  00000-0  00000+0 0  9998
2 27501   0.0253 272.4806 0002414 315.6252 256.7181  1.00272875 48432
EUTELSAT 12 WEST A      
1 27508U 02040A   15313.30139532 -.00000100  00000-0  00000+0 0  9998
2 27508   0.0730  11.7579 0004754 236.5681 255.8761  1.00272600 48414
METEOSAT-8 (MSG-1)      
1 27509U 02040B   15312.73756647  .00000020  00000-0  00000+0 0  9997
2 27509   3.8029  60.5511 0000869 219.2659  36.8712  1.00269680 48407
INTELSAT 906 (IS-906)   
1 27513U 02041A   15313.09539818  .00000014  00000-0  00000+0 0  9995
2 27513   0.0256  44.0917 0003180 185.5228 276.8530  1.00271305 48137
KODAMA (DRTS)           
1 27516U 02042B   15312.57337709 -.00000237  00000-0  00000+0 0  9994
2 27516   3.9646  65.5988 0002940 176.2917 102.7222  1.00270180 48209
KALPANA-1 (METSAT 1)    
1 27525U 02043A   15312.82655160 -.00000078  00000-0  00000+0 0  9990
2 27525   5.3434  59.3269 0015194 232.7150 127.0341  1.00266519 48208
HISPASAT 1D             
1 27528U 02044A   15313.06977221 -.00000216  00000-0  00000+0 0  9990
2 27528   0.0311 332.6063 0004421 285.2622 145.2154  1.00272980 48117
TDRS 10                 
1 27566U 02055A   15313.23646005  .00000084  00000-0  00000+0 0  9998
2 27566   3.9988  61.0511 0010134 199.4669  58.3355  1.00275048 47391
NSS-6                   
1 27603U 02057A   15312.80904012 -.00000271  00000-0  00000+0 0  9998
2 27603   0.0541  80.6638 0002737 158.6786 194.6171  1.00272816 47288
NIMIQ 2                 
1 27632U 02062A   15313.11363057  .00000138  00000-0  00000+0 0  9990
2 27632   0.7892  85.2295 0003273  48.3875 359.7675  1.00272513 47047
INTELSAT 907 (IS-907)   
1 27683U 03007A   15311.16733506 -.00000208  00000-0  00000-0 0  9999
2 27683   0.0174 284.7647 0003027 303.8120 210.2534  1.00272155 46579
INSAT-3A                
1 27714U 03013A   15313.56629127 -.00000257  00000-0  00000+0 0  9993
2 27714   0.0296 264.3100 0002570 259.3985 182.0784  1.00270031 46117
GALAXY 12 (G-12)        
1 27715U 03013B   15312.50995243  .00000057  00000-0  00000+0 0  9999
2 27715   0.0221 175.1894 0002318  52.1331 234.6712  1.00271510 46162
ASIASAT 4               
1 27718U 03014A   15310.44086104 -.00000368  00000-0  00000+0 0  9997
2 27718   0.0113  78.9058 0001003 184.8726  62.4231  1.00270914 46056
HELLAS-SAT 2            
1 27811U 03020A   15313.11397456  .00000152  00000-0  00000+0 0  9990
2 27811   0.0066  54.3290 0003964 171.6793 262.0230  1.00269952 45516
AMC-9 (GE-12)           
1 27820U 03024A   15313.17369940 -.00000216  00000-0  00000+0 0  9999
2 27820   0.0219  21.0975 0003186 216.2521 150.2440  1.00272623 45507
THURAYA-2               
1 27825U 03026A   15312.79955808  .00000131  00000-0  00000+0 0  9992
2 27825   4.3967  26.4770 0005005 198.9735 154.1033  1.00274014 45514
OPTUS C1                
1 27831U 03028B   15312.58971317 -.00000148  00000-0  00000+0 0  9990
2 27831   0.0532  99.9281 0003649 118.0821 197.7756  1.00272070 45486
ECHOSTAR 12 (RAINBOW 1) 
1 27852U 03033A   15313.12472325 -.00000282  00000-0  00000+0 0  9994
2 27852   0.0271  56.1451 0001651 210.8387 124.5425  1.00267869 45157
GALAXY 23 (G-23)        
1 27854U 03034A   15312.52250700  .00000011  00000-0  00000+0 0  9990
2 27854   0.0121 300.6540 0003252 293.7902 240.0879  1.00272672 44784
EUTELSAT 33A            
1 27948U 03043A   15312.69711112  .00000153  00000-0  00000+0 0  9998
2 27948   1.1994  80.3630 0001659 194.5101  54.5700  1.00278334 44487
GALAXY 13 (HORIZONS-1)  
1 27954U 03044A   15312.26428463  .00000046  00000-0  00000+0 0  9994
2 27954   0.0133 273.0159 0003844 268.8150 193.4967  1.00265992 44328
YAMAL 202               
1 28089U 03053A   15313.10954036  .00000119  00000-0  00000+0 0  9999
2 28089   0.0280  77.2716 0002347 165.0267 254.1510  1.00271276 43845
AMOS-2                  
1 28132U 03059A   15311.16789153 -.00000040  00000-0  00000+0 0  9998
2 28132   0.0805 108.2965 0003126 146.3437 207.8867  1.00275228 43532
EXPRESS-AM22 (SESAT 2)  
1 28134U 03060A   15313.09592597 -.00000140  00000-0  00000+0 0  9991
2 28134   0.0470 284.3233 0001167   3.8688 234.4494  1.00281691 43447
AMC-10 (GE-10)          
1 28154U 04003A   15311.43682344  .00000083  00000-0  00000-0 0  9993
2 28154   0.0188 305.7758 0001294 231.6642 251.1420  1.00270870 43067
ABS-4 (MOBISAT-1)       
1 28184U 04007A   15313.10222980  .00000041  00000-0  00000+0 0  9995
2 28184   0.0201 294.4970 0001518 293.1041 278.1631  1.00267246 42741
EUTELSAT 7A             
1 28187U 04008A   15312.28955699  .00000046  00000-0  00000+0 0  9992
2 28187   0.0787  30.5595 0005606 197.9023 289.9679  1.00274339 42730
DIRECTV 7S              
1 28238U 04016A   15312.55697741 -.00000001  00000-0  00000+0 0  9991
2 28238   0.0535  59.8342 0003040 179.6523 249.4013  1.00272782 42232
AMC-11 (GE-11)          
1 28252U 04017A   15313.39980836  .00000069  00000-0  00000+0 0  9994
2 28252   0.0339  48.9272 0002880 202.8323 169.4603  1.00273554 41861
INTELSAT 10-02          
1 28358U 04022A   15312.28519593 -.00000013  00000-0  00000+0 0  9992
2 28358   0.0094 240.4094 0002616 355.4741 272.9880  1.00272791 41783
APSTAR 5 (TELSTAR 18)   
1 28364U 04024A   15312.50508186 -.00000295  00000-0  00000+0 0  9994
2 28364   0.0268 278.2812 0002681 301.7759 147.1807  1.00273231 41710
ANIK F2                 
1 28378U 04027A   15312.03203645 -.00000053  00000-0  00000+0 0  9994
2 28378   0.0264 353.0499 0000186 219.9691  94.3606  1.00269723 41505
AMAZONAS 1              
1 28393U 04031A   15313.35615387 -.00000285  00000-0  00000+0 0  9999
2 28393   0.5404  86.1526 0001356 146.0882 248.8266  1.00274115 41295
AMC-15                  
1 28446U 04041A   15312.37189263 -.00000092  00000-0  00000+0 0  9995
2 28446   0.0232 348.7891 0002198 257.8339 189.4734  1.00272372 40543
AMC-16                  
1 28472U 04048A   15313.25763880 -.00000206  00000-0  00000+0 0  9999
2 28472   0.0535  75.3056 0002463 164.9350 175.6524  1.00271841 39980
NSS-10 (AMC-12)         
1 28526U 05003A   15312.09155207 -.00000254  00000-0  00000+0 0  9993
2 28526   0.0239 341.6518 0002705 259.3863 161.4910  1.00270545 39476
XTAR-EUR                
1 28542U 05005A   15312.22170057  .00000148  00000-0  00000+0 0  9999
2 28542   0.0452 271.1114 0002411 324.0546 280.7650  1.00271289 39339
HIMAWARI-6 (MTSAT-1R)   
1 28622U 05006A   15311.85783439 -.00000284  00000-0  00000+0 0  9993
2 28622   0.4922  86.6496 0003200 172.6612 236.2286  1.00273205 39166
XM-3 (RHYTHM)           
1 28626U 05008A   15313.25763880 -.00000206  00000-0  00000+0 0  9997
2 28626   0.0077  84.0554 0000035  25.6483 306.1020  1.00271694 39231
INMARSAT 4-F1           
1 28628U 05009A   15312.89856150 -.00000261  00000-0  00000+0 0  9993
2 28628   2.7941   3.7506 0003531 234.7018 276.3109  1.00271875 38841
EXPRESS-AM2             
1 28629U 05010A   15312.57204626 -.00000138  00000-0  00000+0 0  9999
2 28629   1.1354  81.5821 0001190 253.5532 358.2886  1.00272070 38868
APSTAR 6                
1 28638U 05012A   15310.51468775 -.00000326  00000-0  00000+0 0  9999
2 28638   0.0414  67.4122 0002646 180.1023 117.1825  1.00269213 63551
SPACEWAY 1              
1 28644U 05015A   15311.55614229 -.00000107  00000-0  00000+0 0  9998
2 28644   0.0156 171.1992 0000095 142.9134 189.6348  1.00271880 38665
DIRECTV 8               
1 28659U 05019A   15312.56784339 -.00000118  00000-0  00000+0 0  9992
2 28659   0.0123 291.9263 0003221 301.5162 277.5903  1.00272574 38345
GALAXY 28 (G-28)        
1 28702U 05022A   15312.09523575 -.00000188  00000-0  00000+0 0  9993
2 28702   0.0111 297.3053 0002956 232.0357 182.9340  1.00262292 37974
EXPRESS-AM3             
1 28707U 05023A   15311.00684036 -.00000328  00000-0  00000+0 0  9995
2 28707   0.0100 288.7834 0001022 356.6623 225.9141  1.00270736 37991
THAICOM 4               
1 28786U 05028A   15311.87869354 -.00000366  00000-0  00000+0 0  9992
2 28786   0.0147 242.2964 0002348 348.7795 251.5072  1.00270476 37496
GALAXY 14 (G-14)        
1 28790U 05030A   15312.53275716  .00000035  00000-0  00000+0 0  9999
2 28790   0.0257  53.7443 0002426 177.7958 242.6356  1.00271619 37461
ANIK F1R                
1 28868U 05036A   15313.07382757 -.00000074  00000-0  00000+0 0  9999
2 28868   0.0261  56.7326 0000841 237.1735  33.2986  1.00270549 37316
GALAXY 15 (G-15)        
1 28884U 05041A   15312.58390039  .00000077  00000-0  00000+0 0  9992
2 28884   0.0216  51.1545 0001954 202.0481 231.4875  1.00273046 36785
SYRACUSE 3A             
1 28885U 05041B   15312.78657584  .00000128  00000-0  00000+0 0  9993
2 28885   0.0170 324.8052 0004227 271.4399 141.5871  1.00269942 36891
INMARSAT 4-F2           
1 28899U 05044A   15313.09367845  .00000146  00000-0  00000+0 0  9994
2 28899   2.4658   3.2655 0006837 258.3811 210.7186  1.00575326 36661
TELKOM 2                
1 28902U 05046A   15311.71755777 -.00000367  00000-0  00000+0 0  9999
2 28902   0.0145 260.9058 0001660 341.6063 180.4394  1.00270157 36392
SPACEWAY 2              
1 28903U 05046B   15312.27569946 -.00000130  00000-0  00000+0 0  9991
2 28903   0.0116  98.2986 0000486  10.8841 298.1599  1.00272591 36654
INSAT-4A                
1 28911U 05049A   15313.09244120 -.00000166  00000-0  00000+0 0  9997
2 28911   0.0872  96.5880 0007116 154.8829 272.7742  1.00273176 36252
METEOSAT-9 (MSG-2)      
1 28912U 05049B   15313.18047031  .00000064  00000-0  00000+0 0  9996
2 28912   1.0829  63.5566 0001389 199.7352 219.0696  1.00275124 36242
EUTELSAT 172A (GE-23)   
1 28924U 05052A   15312.61716546 -.00000008  00000-0  00000+0 0  9993
2 28924   0.0772 326.3063 0006456 268.7474 206.6259  1.00271826 36146
ECHOSTAR 10             
1 28935U 06003A   15313.44519683 -.00000055  00000-0  00000+0 0  9999
2 28935   0.0493  72.7662 0001623 178.4832 207.1293  1.00272733 35681
HIMAWARI-7 (MTSAT-2)    
1 28937U 06004A   15313.33357484 -.00000242  00000-0  00000+0 0  9997
2 28937   0.0083 265.7639 0003636 317.4630  90.0777  1.00270931 35519
SPAINSAT                
1 28945U 06007A   15313.06977221 -.00000216  00000-0  00000+0 0  9997
2 28945   0.0186 233.4159 0006120 358.0082 171.6675  1.00273162 35392
EUTELSAT 9A             
1 28946U 06007B   15313.18047031  .00000062  00000-0  00000+0 0  9996
2 28946   0.0972  80.0055 0006290 162.1674 239.8547  1.00271716 35473
JCSAT-5A                
1 29045U 06010A   15312.50492942 -.00000330  00000-0  00000+0 0  9990
2 29045   0.0406  68.6899 0001459 174.2105 118.3231  1.00272451 35107
ASTRA 1KR               
1 29055U 08057A   15313.23595896  .00000120  00000-0  00000+0 0  9993
2 29055   0.0666 311.1467 0004425 313.7676 247.3365  1.00271005 34926
GOES 13                 
1 29155U 06018A   15312.48869681 -.00000252  00000-0  00000+0 0  9998
2 29155   0.1393 101.3140 0000838  44.4835   2.7795  1.00267221 34678
EUTELSAT 113 WEST A     
1 29162U 06020A   15313.32720360 -.00000037  00000-0  00000+0 0  9994
2 29162   0.0207 116.8065 0002761 112.8250 183.3733  1.00272342 34649
THAICOM 5               
1 29163U 06020B   15312.57308742 -.00000124  00000-0  00000+0 0  9994
2 29163   0.0436 284.6237 0007291 340.1548  67.5156  1.00272453 34687
GALAXY 16 (G-16)        
1 29236U 06023A   15312.51076449 -.00000129  00000-0  00000+0 0  9993
2 29236   0.0151 192.9707 0002549  41.1281 258.1786  1.00271817 34420
EUTELSAT HOT BIRD 13B   
1 29270U 06032A   15312.16834567  .00000084  00000-0  00000+0 0  9994
2 29270   0.0691 344.3398 0004118 279.6946 216.6282  1.00273983 34017
JCSAT-3A                
1 29272U 06033A   15312.50482269 -.00000347  00000-0  00000+0 0  9996
2 29272   0.0151 309.0329 0001155 300.2021 107.9081  1.00272227 33912
SYRACUSE 3B             
1 29273U 06033B   15313.00169931 -.00000044  00000-0  00000+0 0  9995
2 29273   0.0415  65.6255 0005057 180.7109 156.9630  1.00272352 33915
KOREASAT 5 (MUGUNGWHA 5)
1 29349U 06034A   15312.73073262 -.00000360  00000-0  00000+0 0  9991
2 29349   0.0182 312.9856 0001226 260.6981 210.0572  1.00272545 33804
ZHONGXING-22A           
1 29398U 06038A   15312.89327458 -.00000316  00000-0  00000+0 0  9996
2 29398   4.7557  61.5749 0007583 172.4424 236.8481  1.00273962 33570
DIRECTV 9S              
1 29494U 06043A   15312.56784060 -.00000116  00000-0  00000+0 0  9997
2 29494   0.0281  86.9959 0003222 140.7553 283.0360  1.00271949 33260
OPTUS D1                
1 29495U 06043B   15313.20379917 -.00000110  00000-0  00000+0 0  9995
2 29495   0.0538  59.8169 0003060 163.2953  58.3400  1.00272331 33301
XM-4 (BLUES)            
1 29520U 06049A   15313.17817453 -.00000024  00000-0  00000+0 0  9992
2 29520   0.0016 140.1215 0000220 312.1947 264.6978  1.00271770 33151
BADR-4                  
1 29526U 06051A   15312.66904981  .00000143  00000-0  00000+0 0  9998
2 29526   0.0574 321.2295 0004821 303.4751  49.7068  1.00270433 33048
FENGYUN 2D              
1 29640U 06053A   15312.89896045 -.00000359  00000-0  10000-3 0  9998
2 29640   3.3575  67.3920 0000646  87.4762 339.7437  1.00261508 32726
WILDBLUE-1              
1 29643U 06054A   15312.37173255 -.00000052  00000-0  00000+0 0  9991
2 29643   0.0593  87.2460 0001552 137.8314 204.8340  1.00272573 32700
AMC-18                  
1 29644U 06054B   15313.14938903 -.00000090  00000-0  00000+0 0  9999
2 29644   0.0209 323.6571 0002381 251.2099 142.0070  1.00272751 32720
MEASAT-3                
1 29648U 06056A   15313.03523762 -.00000243  00000-0  00000+0 0  9996
2 29648   0.0538 108.4676 0002376  78.1665 325.4818  1.00273123 32724
KIKU-8 (ETS-VIII)       
1 29656U 06059A   15312.52849508 -.00000239  00000-0  00000+0 0  9995
2 29656   4.4964  62.8261 0004632 172.6086 147.9462  1.00273833 32596
INSAT-4B                
1 30793U 07007A   15313.56627304 -.00000257  00000-0  00000+0 0  9996
2 30793   0.1514  90.4970 0007819 165.0810  90.2190  1.00272565 31744
SKYNET 5A               
1 30794U 07007B   15312.75850421 -.00000273  00000-0  00000+0 0  9993
2 30794   0.0706 357.7616 0003771 227.8798 190.2618  1.00273232 31814
ANIK F3                 
1 31102U 07009A   15313.18673804 -.00000001  00000-0  00000+0 0  9994
2 31102   0.0118 281.0929 0001575 318.6652 116.7895  1.00271196 31490
ASTRA 1L                
1 31306U 07016A   15310.26026640  .00000111  00000-0  00000+0 0  9995
2 31306   0.0524 282.3091 0005466 312.6183 283.1707  1.00275457 31177
GALAXY 17 (G-17)        
1 31307U 07016B   15313.56986262 -.00000174  00000-0  00000+0 0  9997
2 31307   0.0636  68.7240 0002952 165.1506 288.7393  1.00272569 31242
ZHONGXING-6B            
1 31800U 07031A   15312.72871647 -.00000363  00000-0  00000+0 0  9999
2 31800   0.0122 337.3686 0004529 254.9172 193.2135  1.00271483 30637
DIRECTV 10              
1 31862U 07032A   15312.25433078 -.00000106  00000-0  00000+0 0  9993
2 31862   0.0097  75.1440 0000498 359.9423 320.7934  1.00271731 30569
SPACEWAY 3              
1 32018U 07036A   15313.22944321 -.00000152  00000-0  00000+0 0  9998
2 32018   0.0068  81.5493 0000233 350.9448 323.2686  1.00272589 30299
BSAT-3A                 
1 32019U 07036B   15312.58006773 -.00000352  00000-0  00000+0 0  9999
2 32019   0.0326 165.7961 0005077  61.9708 138.3910  1.00273168 30223
INSAT-4CR               
1 32050U 07037A   15313.03074762 -.00000078  00000-0  00000+0 0  9994
2 32050   0.0501 265.3689 0007840 352.0599 235.5347  1.00272615 30016
OPTUS D2                
1 32252U 07044A   15311.76510949 -.00000187  00000-0  00000+0 0  9997
2 32252   0.0306   6.3388 0003062 213.6871 254.0835  1.00272615 29598
INTELSAT 11 (IS-11)     
1 32253U 07044B   15312.42369583 -.00000271  00000-0  00000+0 0  9992
2 32253   0.0216 254.9332 0002957 339.8764 282.0387  1.00272464 29688
STAR ONE C1             
1 32293U 07056A   15313.05252744 -.00000277  00000-0  00000+0 0  9995
2 32293   0.0291 102.7656 0002678 133.7327 125.3703  1.00272122 29277
SKYNET 5B               
1 32294U 07056B   15310.66083406  .00000132  00000-0  00000+0 0  9996
2 32294   0.0704 349.5638 0004169 232.9926  85.3236  1.00275823 29347
ASTRA 4A (SIRIUS 4)     
1 32299U 07057A   15312.16816272  .00000030  00000-0  00000+0 0  9991
2 32299   0.0405  63.2794 0002863 176.6863 232.4464  1.00273269 29111
HORIZONS-2              
1 32388U 07063B   15312.57323226 -.00000185  00000-0  00000+0 0  9996
2 32388   0.0110 304.9355 0002560 297.5966  96.1494  1.00272465 29038
THURAYA-3               
1 32404U 08001A   15313.03733763 -.00000309  00000-0  00000+0 0  9999
2 32404   4.3207 348.2815 0004895 233.9760 297.7380  1.00271963 28698
EXPRESS-AM33            
1 32478U 08003A   15312.84899122 -.00000282  00000-0  00000+0 0  9992
2 32478   0.0055 313.0208 0000427 313.8036 183.0353  1.00271288 28787
THOR 5                  
1 32487U 08006A   15312.28519593 -.00000011  00000-0  00000+0 0  9994
2 32487   0.0100 237.3498 0002279   1.1760 270.5837  1.00273640 28339
KIZUNA (WINDS)          
1 32500U 08007A   15312.89856150 -.00000259  00000-0  00000+0 0  9995
2 32500   0.0278 279.3761 0002080 310.5338 284.3687  1.00274131 28194
AMC-14                  
1 32708U 08011A   15310.96481252  .00000146  00000-0  00000+0 0  9997
2 32708  18.0128  72.1051 0044678 359.5354 351.0095  1.00273966 29234
DIRECTV 11              
1 32729U 08013A   15311.44070420 -.00000132  00000-0  00000+0 0  9993
2 32729   0.0047  69.9892 0000233 203.9080 191.9248  1.00274607 28088
ICO G1                  
1 32763U 08016A   15312.37220517 -.00000180  00000-0  00000+0 0  9994
2 32763   4.0868 348.5194 0003482 248.0349 211.8499  1.00271950 27626
VINASAT-1               
1 32767U 08018A   15312.50492942 -.00000330  00000-0  00000+0 0  9995
2 32767   0.0147 339.5613 0002019 271.3116 110.2525  1.00272610 27769
STAR ONE C2             
1 32768U 08018B   15312.25712782 -.00000268  00000-0  00000+0 0  9995
2 32768   0.0328 156.2752 0002433  64.6254 208.8225  1.00271822 27704
TIANLIAN 1-01           
1 32779U 08019A   15312.57204487 -.00000138  00000-0  10000-3 0  9992
2 32779   1.6157  78.7215 0036588 212.7532  41.9653  1.00273979 27625
AMOS-3                  
1 32794U 08022A   15313.16803251 -.00000035  00000-0  00000+0 0  9994
2 32794   0.0169 270.1682 0001335 266.6300 287.6985  1.00270787 27617
GALAXY 18 (G-18)        
1 32951U 08024A   15313.50597912  .00000025  00000-0  00000+0 0  9991
2 32951   0.0158 287.0509 0003071 304.4403 236.0623  1.00273967 27259
CHINASAT 9 (ZX 9)       
1 33051U 08028A   15311.78493647 -.00000251  00000-0  00000+0 0  9997
2 33051   0.0082 281.0495 0004412 296.2104 204.1875  1.00269714 27161
SKYNET 5C               
1 33055U 08030A   15313.30510934 -.00000139  00000-0  00000+0 0  9998
2 33055   0.0670   7.0973 0004740 222.7478 270.3635  1.00272270 27066
TURKSAT 3A              
1 33056U 08030B   15312.72012807  .00000145  00000-0  00000+0 0  9996
2 33056   0.0686 114.8679 0004398  95.1614 138.7994  1.00273565 27239
INTELSAT 25 (IS-25)     
1 33153U 08034A   15312.36447145 -.00000226  00000-0  00000+0 0  9996
2 33153   0.0084 358.4124 0002521 217.6579 290.8928  1.00270724 26798
BADR-6                  
1 33154U 08034B   15312.98662955  .00000144  00000-0  00000+0 0  9991
2 33154   0.0709  44.6183 0001511 211.5848 172.8206  1.00274715 26929
ECHOSTAR 11             
1 33207U 08035A   15313.44519683 -.00000056  00000-0  00000+0 0  9995
2 33207   0.0570  81.9620 0002971 168.6761 207.9592  1.00272690 26828
SUPERBIRD-C2            
1 33274U 08038A   15313.33357484 -.00000251  00000-0  00000+0 0  9996
2 33274   0.0154 314.1989 0001023 288.7963  69.2613  1.00270606 26541
AMC-21                  
1 33275U 08038B   15312.53275926  .00000034  00000-0  00000+0 0  9996
2 33275   0.0252   2.0079 0002194 239.8721 232.4231  1.00272936 26620
INMARSAT 4-F3           
1 33278U 08039A   15313.53356672 -.00000143  00000-0  00000+0 0  9991
2 33278   3.0219 355.6298 0003176 240.0652 266.8151  1.00271363 26431
NIMIQ 4                 
1 33373U 08044A   15313.25748832 -.00000221  00000-0  00000+0 0  9992
2 33373   0.0087 317.9262 0002318 277.7422 183.1718  1.00271465 26004
GALAXY 19 (G-19)        
1 33376U 08045A   15313.18679998 -.00000140  00000-0  00000+0 0  9994
2 33376   0.0164 284.9761 0003304 312.0576 141.2911  1.00271512 25999
VENESAT-1               
1 33414U 08055A   15311.83016557 -.00000242  00000-0  00000+0 0  9997
2 33414   0.0671  77.7702 0002687 173.2042  16.6169  1.00273060 25705
ASTRA 1M                
1 33436U 06012A   15312.64920328  .00000119  00000-0  00000+0 0  9994
2 33436   0.0272  75.2717 0003928 112.9620 112.2137  1.00274683 25638
CIEL-2                  
1 33453U 08063A   15312.50995328  .00000056  00000-0  00000+0 0  9998
2 33453   0.0314  70.5945 0002514 155.1844 236.3525  1.00272768 25329
EUTELSAT HOT BIRD 13C   
1 33459U 08065A   15313.16130000  .00000087  00000-0  00000+0 0  9991
2 33459   0.0472  32.4845 0002426 202.7734 243.8548  1.00274723 25416
EUTELSAT 48D            
1 33460U 08065B   15312.57580352  .00000122  00000-0  00000+0 0  9996
2 33460   0.1113  64.5839 0002765 177.6737  60.6044  1.00274969 25260
FENGYUN 2E              
1 33463U 08066A   15312.84914425 -.00000204  00000-0  00000+0 0  9994
2 33463   2.8581  59.1922 0003564 193.6224 187.4395  1.00272567 25259
EXPRESS-AM44            
1 33595U 09007A   15312.01952338 -.00000092  00000-0  00000+0 0  9995
2 33595   0.0059 295.7209 0000615 304.5258 162.6939  1.00271842 24719
NSS-9                   
1 33749U 09008A   15312.69796209  .00000070  00000-0  00000+0 0  9999
2 33749   0.0206 327.5713 0001865 254.9701 259.3612  1.00272288 24725
EUTELSAT HOT BIRD 13D   
1 33750U 09008B   15313.16519534  .00000087  00000-0  00000+0 0  9996
2 33750   0.0549 298.7133 0006352 310.9931 230.8214  1.00273857 24765
TELSTAR 11N             
1 34111U 09009A   15312.09154444 -.00000254  00000-0  00000+0 0  9992
2 34111   0.0182 272.2024 0002403 295.4515 194.7026  1.00268623 24577
EUTELSAT 10A            
1 34710U 09016A   15313.18047031  .00000068  00000-0  00000+0 0  9991
2 34710   0.0682 349.3707 0005373 248.6272 245.0191  1.00271024 24134
SES-7 (PROTOSTAR 2)     
1 34941U 09027A   15311.95991120 -.00000349  00000-0  00000-0 0  9993
2 34941   0.0727  77.9520 0002380 184.9240 237.8094  1.00272966 23786
MEASAT-3A               
1 35362U 09032A   15311.61653297 -.00000247  00000-0  00000+0 0  9996
2 35362   0.0273 198.9395 0003595  42.9486 118.1060  1.00272164 23399
GOES 14                 
1 35491U 09033A   15313.15692524 -.00000092  00000-0  00000+0 0  9995
2 35491   0.2291 268.6553 0006420 304.5667 146.7718  1.00271500 23326
SIRIUS FM-5             
1 35493U 09034A   15311.18625918 -.00000151  00000-0  00000+0 0  9998
2 35493   0.0228 295.9330 0001293 251.3228 189.8896  1.00266776 23129
TERRESTAR-1             
1 35496U 09035A   15312.10683938 -.00000065  00000-0  00000+0 0  9995
2 35496   3.3984 334.8047 0003488 256.1636 103.4969  1.00272184 23313
ASIASAT 5               
1 35696U 09042A   15312.63405093 -.00000309  00000-0  00000+0 0  9998
2 35696   0.0466  81.3741 0001565 119.7007 175.2124  1.00271601 22838
JCSAT-RA (JCSAT-12)     
1 35755U 09044A   15312.50482269 -.00000347  00000-0  00000+0 0  9994
2 35755   0.0763  61.0385 0001054 136.3988 159.6356  1.00271737 22810
OPTUS D3                
1 35756U 09044B   15312.58971419 -.00000149  00000-0  00000+0 0  9993
2 35756   0.0605  44.6464 0002614 202.2890 168.8305  1.00271692 22792
PALAPA D                
1 35812U 09046A   15311.94855727 -.00000362  00000-0  00000-0 0  9998
2 35812   0.0317  83.3075 0002298 179.3436 238.6466  1.00271758 22833
NIMIQ 5                 
1 35873U 09050A   15313.11798160 -.00000257  00000-0  00000+0 0  9990
2 35873   0.0061  90.6482 0002001 140.1593 146.9746  1.00272071 22528
AMAZONAS 2              
1 35942U 09054A   15313.18055442 -.00000283  00000-0  00000+0 0  9996
2 35942   0.0506 105.5838 0003420  91.1998 215.3022  1.00274096 22370
COMSATBW-1              
1 35943U 09054B   15312.09393807  .00000021  00000-0  00000+0 0  9995
2 35943   0.0286  48.7144 0002862 190.5396 264.5659  1.00270583 22413
NSS-12                  
1 36032U 09058A   15312.70949193  .00000070  00000-0  00000+0 0  9996
2 36032   0.0349  69.8525 0002679 155.0985 135.0602  1.00271836 22115
THOR 6                  
1 36033U 09058B   15313.18030716 -.00000010  00000-0  00000+0 0  9997
2 36033   0.0192 117.5556 0002086 142.9291 211.6077  1.00271216 22135
INTELSAT 14 (IS-14)     
1 36097U 09064A   15312.36014622 -.00000276  00000-0  00000+0 0  9995
2 36097   0.0120  78.5022 0002313 160.3174 253.0968  1.00272119 21868
EUTELSAT 36B            
1 36101U 09065A   15312.88423848  .00000154  00000-0  00000+0 0  9997
2 36101   0.0692 347.0266 0004485 249.1926 165.7856  1.00270582 21974
INTELSAT 15 (IS-15)     
1 36106U 09067A   15312.57323987 -.00000187  00000-0  00000+0 0  9990
2 36106   0.0125 315.7936 0002377 284.2761  98.9071  1.00271681 21754
DIRECTV 12              
1 36131U 09075A   15313.44504637 -.00000103  00000-0  00000+0 0  9995
2 36131   0.0165 178.1749 0000146 356.1810 291.3817  1.00272427 21559
BEIDOU G1               
1 36287U 10001A   15312.39434456 -.00000286  00000-0  10000-3 0  9999
2 36287   1.5565   4.1037 0005988 222.1713 102.9598  1.00268633 21324
RADUGA-1M 2             
1 36358U 10002A   15312.84914425 -.00000187  00000-0  00000+0 0  9993
2 36358   0.0134 281.2027 0002467 359.5709 157.6557  1.00278218 21170
SDO                     
1 36395U 10005A   15312.54965634 -.00000022  00000-0  00000+0 0  9990
2 36395  28.2196 151.0775 0002010 159.8312 192.8376  1.00273243 21184
INTELSAT 16 (IS-16)     
1 36397U 10006A   15313.52089824 -.00000244  00000-0  00000+0 0  9996
2 36397   0.0234 312.7746 0003407 304.0507 262.9029  1.00271231 20900
GOES 15                 
1 36411U 10008A   15313.24211339  .00000090  00000-0  00000+0 0  9990
2 36411   0.2537 266.5470 0002445 330.5083 122.9558  1.00263107 20858
ECHOSTAR 14             
1 36499U 10010A   15313.07210367 -.00000002  00000-0  00000+0 0  9994
2 36499   0.0104 262.5178 0002360 335.0677  77.4373  1.00280810 20699
SES-1                   
1 36516U 10016A   15312.60528616 -.00000117  00000-0  00000+0 0  9994
2 36516   0.0175 329.6669 0001787 275.9490 278.7818  1.00273612 20292
ASTRA 3B                
1 36581U 10021A   15313.09351074  .00000137  00000-0  00000+0 0  9999
2 36581   0.0589  14.6540 0002889 199.9330 250.5453  1.00273257 19829
COMSATBW-2              
1 36582U 10021B   15313.16519534  .00000088  00000-0  00000+0 0  9990
2 36582   0.0197 272.7201 0002584 342.9860 224.9857  1.00272142 20159
BEIDOU G3               
1 36590U 10024A   15312.96661858 -.00000355  00000-0  00000+0 0  9994
2 36590   1.3876  24.3695 0004577 276.8387 205.1509  1.00268506 19946
BADR-5                  
1 36592U 10025A   15312.98662955  .00000144  00000-0  00000+0 0  9993
2 36592   0.0160 230.8903 0004646 339.0895 219.0750  1.00274242 20060
COMS 1                  
1 36744U 10032A   15311.69351506 -.00000348  00000-0  00000+0 0  9991
2 36744   0.0356 114.2534 0000543 126.4728 183.7379  1.00273943 19807
ARABSAT-5A              
1 36745U 10032B   15312.79979632  .00000152  00000-0  00000+0 0  9992
2 36745   0.0565 354.2077 0003291 228.9045 143.0017  1.00269495 19794
ECHOSTAR 15             
1 36792U 10034A   15313.43670711 -.00000278  00000-0  00000+0 0  9994
2 36792   0.0599  77.8195 0002638 168.6155 259.9944  1.00114217 19560
BEIDOU IGSO 1           
1 36828U 10036A   15312.37600321 -.00000133  00000-0  10000-3 0  9993
2 36828  54.2711 199.3161 0041839 215.1545 243.8255  1.00303618 19378
NILESAT 201             
1 36830U 10037A   15312.16789591 -.00000061  00000-0  00000+0 0  9996
2 36830   0.0525 153.0425 0003467  56.1172 251.3333  1.00272194 19440
RASCOM-QAF 1R           
1 36831U 10037B   15312.16811699  .00000016  00000-0  00000+0 0  9991
2 36831   0.0185 304.4031 0004176 292.0787 234.0117  1.00271812 19443
CHINASAT 6A (ZX 6A)     
1 37150U 10042A   15312.30013784 -.00000356  00000-0  00000+0 0  9995
2 37150   0.0677 111.3315 0001351 157.1570  11.8055  1.00271672 19050
XM-5                    
1 37185U 10053A   15310.38912942 -.00000214  00000-0  00000+0 0  9998
2 37185   0.0129 287.8233 0000459 254.9980 277.3695  1.00270315 18586
BSAT-3B                 
1 37207U 10056B   15312.58006723 -.00000353  00000-0  00000+0 0  9995
2 37207   0.0499 348.0823 0003293 283.1957  94.8890  1.00273908 18448
BEIDOU G4               
1 37210U 10057A   15313.20380208 -.00000112  00000-0  00000+0 0  9996
2 37210   0.7709  40.2713 0008793 176.0322  65.0979  1.00272812 18450
SKYTERRA 1              
1 37218U 10061A   15313.44504637 -.00000124  00000-0  00000+0 0  9992
2 37218   3.9426 325.5584 0006664 203.3190 298.3613  1.00272945 18392
ZHONGXING-20A           
1 37234U 10064A   15312.50487604 -.00000338  00000-0  00000+0 0  9990
2 37234   0.0706  86.8982 0003542 204.8102  67.4904  1.00275245 18180
HYLAS 1                 
1 37237U 10065A   15312.35647904 -.00000236  00000-0  00000+0 0  9995
2 37237   0.0310 355.3965 0001768 254.0568 252.6422  1.00272547 18163
INTELSAT 17 (IS-17)     
1 37238U 10065B   15313.02742519 -.00000002  00000-0  00000+0 0  9990
2 37238   0.0100 300.3184 0003053 280.9274 262.5399  1.00271353 18083
BEIDOU IGSO 2           
1 37256U 10068A   15312.31203597 -.00000205  00000-0  10000-3 0  9992
2 37256  53.8348 318.0777 0040459 209.6577 109.1469  1.00252847 17958
EUTELSAT KA-SAT 9A      
1 37258U 10069A   15313.18038170  .00000062  00000-0  00000+0 0  9999
2 37258   0.0451 288.3334 0002300 120.0958  73.5964  1.00274918 17989
HISPASAT 1E             
1 37264U 10070A   15313.06977221 -.00000216  00000-0  00000+0 0  9996
2 37264   0.0669  97.3891 0004262 101.6365 204.0683  1.00271635 17835
KOREASAT 6              
1 37265U 10070B   15312.72871647 -.00000363  00000-0  00000+0 0  9997
2 37265   0.0113 299.2170 0001876 294.6530 192.0844  1.00272912 17854
ELEKTRO-L 1 (GOMS 2)    
1 37344U 11001A   15311.66308566 -.00000100  00000-0  00000-0 0  9997
2 37344   1.2626  80.1100 0002326  62.6838 218.3310  1.00271510 17616
BEIDOU IGSO 3           
1 37384U 11013A   15312.97972788 -.00000163  00000-0  10000-3 0  9995
2 37384  57.1119  79.0981 0025312 194.6238 247.7443  1.00273263 16845
INTELSAT NEW DAWN       
1 37392U 11016A   15312.87943993  .00000155  00000-0  00000+0 0  9997
2 37392   0.0107 250.0693 0000711  13.5932 133.4774  1.00274137 16709
YAHSAT 1A               
1 37393U 11016B   15312.78672068  .00000099  00000-0  00000+0 0  9997
2 37393   0.0132 270.6039 0002859 346.6689 126.1327  1.00273463 16742
TELSTAR 14R             
1 37602U 11021A   15312.16441647 -.00000283  00000-0  00000+0 0  9991
2 37602   0.0578  63.9795 0003632 203.2109 136.0560  1.00271687 16943
GSAT-8                  
1 37605U 11022A   15313.10144916  .00000084  00000-0  00000+0 0  9997
2 37605   0.0127 269.3664 0007928 343.0132 247.2148  1.00270841 16403
ST-2                    
1 37606U 11022B   15312.83937682 -.00000213  00000-0  00000+0 0  9992
2 37606   0.0161  85.0788 0001365 163.3664 189.4619  1.00271842 16417
CHINASAT 10 (ZX 10)     
1 37677U 11026A   15312.96661858 -.00000353  00000-0  00000+0 0  9992
2 37677   0.0001 266.1847 0005436 322.2340 277.9145  1.00269725 16139
TIANLIAN 1-02           
1 37737U 11032A   15313.48306503 -.00000047  00000-0  00000+0 0  9997
2 37737   1.3997  80.0033 0033145 188.2732 121.0021  1.00270755 15885
GSAT-12                 
1 37746U 11034A   15313.09244120 -.00000166  00000-0  00000+0 0  9994
2 37746   0.0106 255.8362 0003714 239.3331  29.1050  1.00272805 16139
SES-3                   
1 37748U 11035A   15313.44504637 -.00000102  00000-0  00000+0 0  9998
2 37748   0.0139 322.1377 0002247 288.8224 214.5868  1.00272735 15869
KAZSAT-2                
1 37749U 11035B   15312.58893991 -.00000200  00000-0  00000+0 0  9996
2 37749   0.0157 351.0591 0001189 306.3914  48.5679  1.00270923 15722
BEIDOU IGSO 4           
1 37763U 11038A   15312.95525905 -.00000075  00000-0  10000-3 0  9998
2 37763  54.5841 201.5778 0034926 202.9398  82.4574  1.00283818 15807
ASTRA 1N                
1 37775U 11041A   15313.11344265  .00000120  00000-0  00000+0 0  9997
2 37775   0.0695  24.2530 0000430 266.8891 176.8926  1.00274273 15566
BSAT-3C (JCSAT-110R)    
1 37776U 11041B   15312.58004859 -.00000353  00000-0  00000+0 0  9999
2 37776   0.0247  68.0812 0000188  97.8959 200.2829  1.00272927 15700
PAKSAT-1R               
1 37779U 11042A   15313.10936986  .00000153  00000-0  00000+0 0  9994
2 37779   0.0329  42.8393 0002850 194.3434 248.1820  1.00270289 15449
CHINASAT 1A (ZX 1A)     
1 37804U 11047A   15312.50487604 -.00000340  00000-0  00000+0 0  9998
2 37804   0.0539  70.1574 0003885 223.5596  65.2782  1.00272836 15231
COSMOS 2473             
1 37806U 11048A   15312.64580610 -.00000139  00000-0  00000+0 0  9993
2 37806   0.0273  34.9743 0000760 182.1058 142.9475  1.00277299 15236
SES-2                   
1 37809U 11049A   15313.43554866 -.00000196  00000-0  00000+0 0  9992
2 37809   0.0336  60.7228 0002323 177.7331 239.6557  1.00272083 15180
ARABSAT-5C              
1 37810U 11049B   15313.23595896  .00000123  00000-0  00000+0 0  9999
2 37810   0.0670 347.0474 0004290 226.6514 299.3807  1.00272554 15093
EUTELSAT 7 WEST A       
1 37816U 11051A   15312.16788831 -.00000063  00000-0  00000+0 0  9996
2 37816   0.0685  18.8350 0004313 230.7457 210.6512  1.00274022 15124
QUETZSAT 1              
1 37826U 11054A   15311.44123782 -.00000247  00000-0  00000+0 0  9992
2 37826   0.0256   4.0941 0002272 229.2379 254.8657  1.00273186 15243
INTELSAT 18 (IS-18)     
1 37834U 11056A   15312.58159196  .00000051  00000-0  00000+0 0  9999
2 37834   0.0159 290.0848 0002150 298.9107 207.8432  1.00271046 15011
EUTELSAT 16A            
1 37836U 11057A   15310.79575380  .00000097  00000-0  00000+0 0  9990
2 37836   0.0689   0.6088 0005040 240.1832 107.3689  1.00273478 14925
VIASAT-1                
1 37843U 11059A   15312.38125872 -.00000027  00000-0  00000+0 0  9998
2 37843   0.0044 275.5436 0002676 308.4559 205.4284  1.00273156 15435
ASIASAT 7               
1 37933U 11069A   15311.93519520 -.00000338  00000-0  00000+0 0  9991
2 37933   0.0601  85.8614 0001674 103.9486 299.2069  1.00271794 14626
BEIDOU IGSO 5           
1 37948U 11073A   15312.56893233 -.00000146  00000-0  10000-3 0  9990
2 37948  53.9304 317.5237 0037972 206.6176 183.2270  1.00265075 14566
AMOS-5                  
1 37950U 11074A   15313.16786363  .00000109  00000-0  00000+0 0  9999
2 37950   0.0204 224.2675 0000822 322.5910 298.6051  1.00270732 14439
LUCH 5A                 
1 37951U 11074B   15313.27391870 -.00000044  00000-0  00000+0 0  9996
2 37951   2.0154 228.8002 0002992 324.3067 120.6131  1.00273168 14353
NIGCOMSAT 1R            
1 38014U 11077A   15312.89631906  .00000144  00000-0  00000+0 0  9994
2 38014   0.0227 111.0993 0003223 140.3170 161.5279  1.00273488 14198
FENGYUN 2F              
1 38049U 12002A   15312.73073262 -.00000358  00000-0  00000+0 0  9997
2 38049   0.5463  68.2484 0000920 230.1640 124.1811  1.00281565 14059
SES-4                   
1 38087U 12007A   15311.16746464 -.00000174  00000-0  00000+0 0  9997
2 38087   0.0203 331.2645 0002666 254.7045 218.3955  1.00272105 13649
BEIDOU G5               
1 38091U 12008A   15312.78775253  .00000056  00000-0  00000+0 0  9998
2 38091   1.3215  38.9016 0003269 192.1370 158.8803  1.00270220 13635
INTELSAT 22 (IS-22)     
1 38098U 12011A   15311.77578963 -.00000063  00000-0  00000+0 0  9995
2 38098   0.0320   3.5419 0002897 233.6248 160.8933  1.00271840 13200
APSTAR 7                
1 38107U 12013A   15312.59605308 -.00000104  00000-0  00000+0 0  9999
2 38107   0.0126 357.3008 0002644 226.9703 114.2875  1.00271582 13324
YAHSAT 1B               
1 38245U 12016A   15311.98064534  .00000122  00000-0  00000+0 0  9996
2 38245   0.0098 268.9363 0002797 346.6321 191.9455  1.00272394 13071
JCSAT-13                
1 38331U 12023A   15312.52387413 -.00000358  00000-0  00000+0 0  9997
2 38331   0.0149 330.3393 0001910 272.2482 117.4256  1.00271586 12735
VINASAT-2               
1 38332U 12023B   15312.50492178 -.00000331  00000-0  00000+0 0  9992
2 38332   0.0158 308.3768 0001987 297.1998 115.4367  1.00272966 12788
NIMIQ 6                 
1 38342U 12026A   15312.12251085 -.00000177  00000-0  00000+0 0  9992
2 38342   0.0115 291.1726 0002115 302.1338 126.7059  1.00272571 12756
CHINASAT 2A (ZX 2A)     
1 38352U 12028A   15313.03733763 -.00000293  00000-0  00000+0 0  9993
2 38352   0.0568  71.3895 0003960 229.3954 218.8271  1.00270068 12801
INTELSAT 19 (IS-19)     
1 38356U 12030A   15312.40746987 -.00000058  00000-0  00000+0 0  9991
2 38356   0.0217  25.7311 0002988 198.5054 135.7718  1.00272569 12675
ECHOSTAR 17             
1 38551U 12035A   15313.07401736 -.00000076  00000-0  00000+0 0  9997
2 38551   0.0074 217.3633 0002501  12.6645  97.4768  1.00272568 12287
METEOSAT-10 (MSG-3)     
1 38552U 12035B   15312.86672175 -.00000004  00000-0  00000+0 0  9992
2 38552   0.3357  86.8914 0001097 122.8626 150.2729  1.00263979 12380
SES-5                   
1 38652U 12036A   15312.16816272  .00000031  00000-0  00000+0 0  9994
2 38652   0.0494 271.8705 0002319 330.6612 230.0484  1.00273630 12229
TIANLIAN 1-03           
1 38730U 12040A   15313.16786363  .00000108  00000-0  00000+0 0  9999
2 38730   0.1536 267.4281 0002447 333.5696 244.2262  1.00271012 12155
INTELSAT 20 (IS-20)     
1 38740U 12043A   15311.68040365 -.00000030  00000-0  00000+0 0  9998
2 38740   0.0170 290.4235 0001210 251.5199 178.0868  1.00272203 11987
HYLAS 2                 
1 38741U 12043B   15313.09368606  .00000154  00000-0  00000+0 0  9993
2 38741   0.0076  97.8622 0001891 130.1601 244.7072  1.00271377 12011
INTELSAT 21 (IS-21)     
1 38749U 12045A   15311.23554926 -.00000291  00000-0  00000-0 0  9993
2 38749   0.0074 321.0822 0002491 266.7426 205.0975  1.00270316 11786
ASTRA 2F                
1 38778U 12051A   15311.79195088  .00000146  00000-0  00000+0 0  9990
2 38778   0.0461 233.6310 0004510 356.8218 129.5382  1.00273132 11446
GSAT-10                 
1 38779U 12051B   15311.64011950 -.00000170  00000-0  00000+0 0  9998
2 38779   0.0444 261.2746 0002389 336.3924 122.3405  1.00272442 11447
INTELSAT 23 (IS-23)     
1 38867U 12057A   15312.19679406 -.00000288  00000-0  00000+0 0  9999
2 38867   0.0061 151.3172 0001656  92.0781 181.5470  1.00272554 11279
BEIDOU G6               
1 38953U 12059A   15312.56959416 -.00000138  00000-0  10000-3 0  9999
2 38953   0.4689  71.3316 0004137 162.5630  98.6554  1.00271972 11206
LUCH 5B                 
1 38977U 12061A   15313.36735943 -.00000127  00000-0  00000+0 0  9997
2 38977   2.3690  79.4275 0003012 151.4240 293.3566  1.00270676 11345
YAMAL 300K              
1 38978U 12061B   15311.50162343  .00000066  00000-0  00000+0 0  9991
2 38978   0.0210  69.4445 0001302 171.1670 169.2748  1.00271745 11029
STAR ONE C3             
1 38991U 12062A   15313.55448185 -.00000249  00000-0  00000+0 0  9999
2 38991   0.0735  88.3920 0003379 163.7263 280.9480  1.00273737 11022
EUTELSAT 21B            
1 38992U 12062B   15312.80754174  .00000129  00000-0  00000+0 0  9991
2 38992   0.0693   9.5035 0002660 237.6913 112.8102  1.00273840 11033
ECHOSTAR 16             
1 39008U 12065A   15313.03772843 -.00000282  00000-0  00000+0 0  9993
2 39008   0.0202 267.9060 0003909 295.9076 156.1683  1.00267971 10964
CHINASAT 12 (ZX 12)     
1 39017U 12067A   15312.83937682 -.00000208  00000-0  00000+0 0  9994
2 39017   0.0338  54.0016 0002858 173.0808 210.3281  1.00271961 10872
EUTELSAT 70B            
1 39020U 12069A   15312.67212131 -.00000045  00000-0  00000+0 0  9996
2 39020   0.0699 329.9242 0003717 259.9808 130.0952  1.00271835 10772
YAMAL 402               
1 39022U 12070A   15313.03382670  .00000085  00000-0  10000-3 0  9995
2 39022   0.0156 284.7182 0000957 269.2793 280.9847  1.00272390 10767
SKYNET 5D               
1 39034U 12075A   15311.90687818  .00000095  00000-0  00000-0 0  9996
2 39034   0.0743   1.2876 0003853 222.6140 202.1112  1.00273646 10330
MEXSAT 3                
1 39035U 12075B   15313.18536084 -.00000026  00000-0  00000+0 0  9991
2 39035   0.0473 115.9132 0002341 115.5256 128.5742  1.00271097 10640
TDRS 11                 
1 39070U 13004A   15312.25868555  .00000080  00000-0  00000+0 0  9990
2 39070   6.0970 329.6066 0011298 265.5304  94.1979  1.00264285 10144
AMAZONAS 3              
1 39078U 13006A   15312.03895053 -.00000286  00000-0  00000+0 0  9998
2 39078   0.0318 152.4823 0005475  74.8132 132.6897  1.00271649 10122
AZERSPACE 1             
1 39079U 13006B   15312.73993386  .00000131  00000-0  00000+0 0  9992
2 39079   0.0095 319.1521 0002726 286.1104 114.7421  1.00272581 10103
EUTELSAT 117 WEST A     
1 39122U 13012A   15312.19368411 -.00000016  00000-0  00000+0 0  9996
2 39122   0.0242 107.5719 0002822 118.3746 134.0620  1.00272239  9620
ANIK G1                 
1 39127U 13014A   15313.16462621 -.00000075  00000-0  00000+0 0  9994
2 39127   0.0187 272.1926 0002519 329.9191 117.8968  1.00272531  9426
CHINASAT 11 (ZX 11)     
1 39157U 13020A   15312.57945324 -.00000294  00000-0  00000+0 0  9997
2 39157   0.0102 134.6761 0003783  97.2576 122.1370  1.00274538  9303
EUTELSAT 7B             
1 39163U 13022A   15312.16820846  .00000046  00000-0  00000+0 0  9996
2 39163   0.0605  53.8735 0003954 262.4831 158.2668  1.00274510  9154
SES-6                   
1 39172U 13026A   15313.43367091 -.00000261  00000-0  00000+0 0  9999
2 39172   0.0234 343.0373 0002074 244.2038 296.7128  1.00272010  8895
IRNSS-1A                
1 39199U 13034A   15312.06505112  .00000147  00000-0  00000+0 0  9995
2 39199  27.9450 125.4071 0019902 179.3781 180.6836  1.00268330  8808
ALPHASAT                
1 39215U 13038A   15310.79597888  .00000133  00000-0  00000-0 0  9993
2 39215   1.0402  32.8897 0001870 195.4996 128.7448  1.00275583  5184
INSAT-3D                
1 39216U 13038B   15313.03031260 -.00000157  00000-0  00000+0 0  9997
2 39216   0.0517  94.0957 0001389 159.9728 246.8429  1.00272318  8469
EUTELSAT 25B            
1 39233U 13044A   15312.79681398  .00000142  00000-0  00000+0 0  9991
2 39233   0.0514   1.0591 0001779 227.4637 131.4950  1.00270342  8069
GSAT-7                  
1 39234U 13044B   15312.66212099 -.00000079  00000-0  00000+0 0  9996
2 39234   0.0941  92.3007 0010771 176.3490  91.2598  1.00272902  8065
AMOS-4                  
1 39237U 13045A   15311.69000016  .00000002  00000-0  00000+0 0  9991
2 39237   0.0445  89.0322 0002754 145.8655 125.1070  1.00272161  8043
ASTRA 2E                
1 39285U 13056A   15311.79110612  .00000146  00000-0  00000+0 0  9990
2 39285   0.0755 307.7168 0002820 276.2774 136.0143  1.00272018  7742
SIRIUS FM-6             
1 39360U 13058A   15312.19189807 -.00000021  00000-0  00000+0 0  9996
2 39360   0.0142 358.5306 0000483 308.0429  53.4539  1.00272313  7501
RADUGA-1M 3             
1 39375U 13062A   15312.57534332 -.00000041  00000-0  00000+0 0  9998
2 39375   0.0017 266.5585 0003360 353.5622  64.4863  1.00273070  7280
SES-8                   
1 39460U 13071A   15312.60418850 -.00000271  00000-0  00000+0 0  9998
2 39460   0.0153 266.3289 0000845 297.3738 156.2933  1.00270515  7035
INMARSAT 5-F1           
1 39476U 13073A   15313.56997221  .00000029  00000-0  00000+0 0  9997
2 39476   0.0208 278.7385 0000608 138.6517 258.8235  1.00270734  7099
TKSAT-1 (TUPAC KATARI)  
1 39481U 13075A   15313.43554866 -.00000194  00000-0  00000+0 0  9999
2 39481   0.0196  60.4336 0002648 167.1345 250.3283  1.00268701  7018
EXPRESS-AM5             
1 39487U 13077A   15313.19496394 -.00000280  00000-0  00000+0 0  9997
2 39487   0.0045 304.8071 0000907  38.1546 275.3446  1.00272418  7540
GSAT-14                 
1 39498U 14001A   15311.66503173 -.00000082  00000-0  00000+0 0  9991
2 39498   0.0246 264.2922 0004781 339.2449 116.4445  1.00272838  6730
THAICOM 6               
1 39500U 14002A   15312.57308742 -.00000123  00000-0  00000+0 0  9998
2 39500   0.0735 115.3745 0002499  81.0098 135.8898  1.00271831  6685
TDRS 12                 
1 39504U 14004A   15312.91723523 -.00000283  00000-0  00000+0 0  9997
2 39504   6.5443 337.0775 0006307 264.8087  94.9907  1.00265303  6619
ABS-2                   
1 39508U 14006A   15312.65977516 -.00000088  00000-0  00000+0 0  9990
2 39508   0.0555  81.7967 0002931 167.1305 111.0743  1.00271932  6499
ATHENA-FIDUS            
1 39509U 14006B   15312.76272493  .00000153  00000-0  00000+0 0  9997
2 39509   0.0150 355.8910 0001206 236.0475 128.0838  1.00271856  6669
TURKSAT 4A              
1 39522U 14007A   15311.75360015  .00000141  00000-0  00000-0 0  9997
2 39522   0.0370 274.7346 0004776 338.2419 107.0021  1.00269368  6169
EXPRESS-AT1             
1 39612U 14010A   15312.09377797  .00000075  00000-0  00000+0 0  9999
2 39612   0.0192 299.8400 0000344 348.7727 208.1458  1.00273973  6204
EXPRESS-AT2             
1 39613U 14010B   15312.50513522 -.00000284  00000-0  00000+0 0  9997
2 39613   0.0115 320.2730 0000505 356.5331  52.2685  1.00270612  6041
AMAZONAS 4A             
1 39616U 14011A   15313.03609977 -.00000283  00000-0  00000+0 0  9999
2 39616   0.0507  71.6703 0000937 164.3119 124.0426  1.00271171  6035
ASTRA 5B                
1 39617U 14011B   15312.68508873  .00000153  00000-0  00000+0 0  9998
2 39617   0.0337 354.2838 0003348 235.8946  95.5428  1.00271240  6027
IRNSS-1B                
1 39635U 14017A   15310.56504736  .00000052  00000-0  00000+0 0  9991
2 39635  30.1213 304.0054 0021794 191.6624 168.2611  1.00271634  5943
LUCH 5V                 
1 39727U 14023A   15313.56648667 -.00000275  00000-0  00000+0 0  9993
2 39727   3.8146 300.6166 0003757 310.3833  96.2046  1.00274089523690
KAZSAT 3                
1 39728U 14023B   15311.70808576  .00000056  00000-0  00000+0 0  9991
2 39728   0.0218 340.7573 0000562 323.4482  55.8199  1.00271458  5594
EUTELSAT 3B             
1 39773U 14030A   15312.16812461  .00000017  00000-0  00000+0 0  9995
2 39773   0.0644 348.5765 0003590 240.4043 241.7139  1.00273381  5374
ASIASAT 8               
1 40107U 14046A   15311.93517803 -.00000337  00000-0  00000-0 0  9998
2 40107   0.0667  82.3898 0001198 163.4958 242.9317  1.00271970  4702
ASIASAT 6               
1 40141U 14052A   15312.72855678 -.00000363  00000-0  00000+0 0  9994
2 40141   0.0142  99.1390 0000304 155.4059 175.2339  1.00268672  4327
OPTUS 10                
1 40146U 14054A   15312.41314615 -.00000077  00000-0  00000+0 0  9990
2 40146   0.0646 328.7248 0001875 263.1829 128.1077  1.00271796  4282
MEASAT-3B               
1 40147U 14054B   15312.61388551 -.00000244  00000-0  00000+0 0  9999
2 40147   0.0567  69.5682 0001191 206.6302  83.8208  1.00272316  4334
LUCH (OLYMP)            
1 40258U 14058A   15313.36772705 -.00000183  00000-0  00000+0 0  9999
2 40258   0.0034 224.4715 0000893 251.6612  40.1213  1.00272786  4105
HIMAWARI 8              
1 40267U 14060A   15312.47794536 -.00000279  00000-0  00000+0 0  9995
2 40267   0.0169  84.4553 0000916 135.6968 139.8411  1.00268953  4027
IRNSS-1C                
1 40269U 14061A   15311.37895919 -.00000173  00000-0  00000+0 0  9996
2 40269   4.1941 265.8309 0021236   5.8777 354.0728  1.00270663  3976
INTELSAT 30 (IS-30)     
1 40271U 14062A   15313.50496431 -.00000151  00000-0  00000+0 0  9999
2 40271   0.0139 246.7028 0001642 300.2157 308.2086  1.00273027  3933
ARSAT 1                 
1 40272U 14062B   15312.48899949 -.00000262  00000-0  00000+0 0  9990
2 40272   0.0519  84.7158 0001481 152.9612 273.9549  1.00272431  4042
EXPRESS-AM6             
1 40277U 14064A   15312.85395532  .00000096  00000-0  00000+0 0  9991
2 40277   0.0106 289.2501 0000251 138.7738 340.1494  1.00276663  3842
GSAT-16                 
1 40332U 14078A   15312.71510552  .00000083  00000-0  00000+0 0  9990
2 40332   0.0879  95.8922 0003888  23.3469 240.8327  1.00272354  3426
DIRECTV 14              
1 40333U 14078B   15312.51079370 -.00000127  00000-0  00000+0 0  9997
2 40333   0.0172 270.8845 0000369   8.4621 212.6773  1.00269950  3405
YAMAL 401               
1 40345U 14082A   15310.50496752 -.00000237  00000-0  00000+0 0  9991
2 40345   0.0701  75.1321 0001163 190.4046  51.6184  1.00270024  3543
ASTRA 2G                
1 40364U 14089A   15308.80017574  .00000136  00000-0  00000-0 0  9998
2 40364   0.0418  36.2052 0000799  33.3756 290.4525  1.00273779  3097
FENGYUN 2G              
1 40367U 14090A   15312.50425096 -.00000332  00000-0  00000+0 0  9995
2 40367   1.6515 275.3395 0001846 270.3221 147.7449  1.00268942  3203
INMARSAT 5-F2           
1 40384U 15005A   15310.22123571 -.00000295  00000-0  00000+0 0  9999
2 40384   0.0212 263.1216 0000693  19.5653 147.0676  1.00270258  2811
ABS-3A                  
1 40424U 15010A   15309.88386928 -.00000037  00000-0  00000+0 0  9991
2 40424   0.0163 252.0773 0001413 270.4975 197.4301  1.00273167  2548
EXPRESS-AM7             
1 40505U 15012A   15312.59822205  .00000149  00000-0  00000+0 0  9991
2 40505   0.0010 127.0694 0002804 106.2834  69.4935  1.00274432  2511
IRNSS-1D                
1 40547U 15018A   15312.40264364 -.00000325  00000-0  00000+0 0  9996
2 40547  30.1272 304.1284 0019612 187.9399 171.9993  1.00270211  2403
BEIDOU I1-S             
1 40549U 15019A   15313.47737983 -.00000141  00000-0  00000+0 0  9995
2 40549  54.8564 340.4492 0045930 182.1928 150.2466  1.00252471  2248
THOR 7                  
1 40613U 15022A   15312.28519593 -.00000011  00000-0  00000+0 0  9990
2 40613   0.0389 106.9802 0002406 115.3943 286.8329  1.00271025  1973
TURKMENALEM52E/MONACOSAT
1 40617U 15023A   15311.72600022  .00000099  00000-0  00000-0 0  9997
2 40617   0.0179  30.1301 0002546 204.0022 125.8747  1.00273029  1999
DIRECTV 15              
1 40663U 15026A   15312.15478264 -.00000106  00000-0  00000+0 0  9999
2 40663   0.0017 256.5958 0000583  65.9833  37.4168  1.00267079  1708
SKY MEXICO-1            
1 40664U 15026B   15313.50479822 -.00000234  00000-0  00000+0 0  9993
2 40664   0.0118 249.3909 0001675 358.4110 263.5103  1.00271640  1708
METEOSAT-11 (MSG-4)     
1 40732U 15034A   15312.60839963 -.00000034  00000-0  00000+0 0  9992
2 40732   2.9594 262.8478 0001310   6.1592 353.7944  1.00270071  1208
STAR ONE C4             
1 40733U 15034B   15313.33152992 -.00000265  00000-0  00000+0 0  9990
2 40733   0.0452  48.6980 0001583 230.8909 177.9888  1.00272663  1201
INTELSAT 34             
1 40874U 15039A   15312.19305907 -.00000288  00000-0  00000+0 0  9995
2 40874   0.0215 141.3577 0000783 209.9580  69.7601  1.00270855   830
EUTELSAT 8 WEST B       
1 40875U 15039B   15312.88951277 -.00000066  00000-0  00000+0 0  9993
2 40875   0.0504   5.0242 0003186 218.8315 136.1522  1.00271344   860
GSAT-6                  
1 40880U 15041A   15311.40404635 -.00000172  00000-0  00000+0 0  9998
2 40880   1.0486 275.1905 0010179 344.7986  14.7904  1.00270996   783
INMARSAT 5-F3           
1 40882U 15042A   15313.36900589  .00000046  00000-0  00000+0 0  9996
2 40882   0.0443 346.6909 0001147 359.2362  14.1042  1.00272598   720
TJS-1                   
1 40892U 15046A   15312.65469156 -.00000158  00000-0  00000+0 0  9997
2 40892   0.0920 242.5468 0002465   3.8560 191.8399  1.00269760   715
BEIDOU I2-S             
1 40938U 15053A   15310.95270468 -.00000140  00000-0  00000+0 0  9994
2 40938  54.9889 303.3041 0043607 169.0803  12.0767  1.00291435   503
SKY MUSTER (NBN1A)      
1 40940U 15054A   15311.48160719 -.00000284  00000-0  00000-0 0  9994
2 40940   0.0157   5.1727 0002958 225.1111 129.7202  1.00270908   449
ARSAT 2                 
1 40941U 15054B   15312.09478877 -.00000228  00000-0  00000+0 0  9997
2 40941   0.0396 102.5252 0001170 107.5679 149.9317  1.00272982   475
MORELOS 3               
1 40946U 15056A   15312.10509351 -.00000061  00000-0  00000+0 0  9993
2 40946   7.0984 331.8170 0000234 315.4513  44.4333  1.00273487   448
APSTAR 9                
1 40982U 15059A   15311.49185357 -.00000308  00000-0  00000+0 0  9997
2 40982   0.1061 261.4343 0000881  86.3448  12.2492  1.00273288   311
TURKSAT 4B              
1 40984U 15060A   15312.72875912  .00000113  00000-0  00000+0 0  9994
2 40984   0.0295  52.6165 0001749 201.5224 105.8748  1.00271897   283