LEASAT 5                
1 20410U 90002B   15120.74245392 -.00000079  00000-0  00000+0 0  9999
2 20410  11.2039  18.5110 0002211 200.9682 338.1622  1.00272989 77922
INTELSAT 701 (IS-701)   
1 22871U 93066A   15118.36981154 -.00000227  00000-0  00000+0 0  9998
2 22871   2.6978  71.3917 0004146 325.5512 282.6920  1.00271325 78612
INTELSAT 702 (IS-702)   
1 23124U 94034A   15119.97820392  .00000146  00000-0  10000-3 0  9994
2 23124   3.0435  69.8566 0002344 303.6718 229.1307  1.00271648 90608
INTELSAT 26 (IS-26)     
1 24732U 97007A   15120.36758637  .00000000  00000-0  10000-3 0  9999
2 24732   6.1815  56.2112 0004403   3.7044 356.2173  1.00271566 66543
GALAXY 25 (G-25)        
1 24812U 97026A   15118.41427617 -.00000177  00000-0  00000+0 0  9994
2 24812   0.0650  78.4019 0002767 308.6433 245.0669  1.00272311 65569
INTELSAT 5 (IS-5)       
1 24916U 97046A   15120.16745868  .00000000  00000-0  10000-3 0  9996
2 24916   2.0122  75.0500 0005269 325.0917  34.9137  1.00267494 64861
INTELSAT 805 (IS-805)   
1 25371U 98037A   15119.97570760  .00000000  00000-0  10000-3 0  9997
2 25371   0.0343 113.6593 0000660 266.1904 133.4580  1.00264384 61793
INTELSAT 7 (IS-7)       
1 25473U 98052A   15120.28978187 -.00000150  00000-0  00000+0 0  9990
2 25473   1.5939  78.1201 0001475 325.3368 260.5730  1.00271430 60878
AFRISTAR                
1 25515U 98063A   15120.53231354  .00000000  00000-0  10000-3 0  9993
2 25515   1.7884  70.8604 0005378 329.8710  30.0877  1.00273203 60106
INTELSAT 8 (IS-8)       
1 25522U 98065A   15117.60828435 -.00000047  00000-0  00000+0 0  9996
2 25522   0.0055 229.5934 0001854 171.6383 201.9889  1.00272414 60351
GALAXY 27 (G-27)        
1 25922U 99052A   15117.82809001 -.00000019  00000-0  00000+0 0  9998
2 25922   1.6698  76.9717 0006917 341.3633 161.4594  1.00272948 57099
GALAXY 11 (G-11)        
1 26038U 99071A   15119.29049356 -.00000297  00000-0  10000-3 0  9993
2 26038   0.0709 275.4085 0001153  80.1220 270.3894  1.00271757 56320
SIRIUS-1                
1 26390U 00035A   15119.23360267 -.00000073  00000-0  00000+0 0  9994
2 26390  59.8419 236.7521 2636973 268.7685  61.3068  1.00287493 54313
INTELSAT 9 (IS-9)       
1 26451U 00043A   15120.66047238 -.00000276  00000-0  10000-3 0  9990
2 26451   1.9992  75.3142 0003264 311.3533  26.2828  1.00271646 54077
SIRIUS-2                
1 26483U 00051A   15118.42619564  .00000123  00000-0  00000+0 0  9997
2 26483  64.3456 116.6909 2678114 270.4428 246.0525  1.00278569 53641
INTELSAT 12 (IS-12)     
1 26590U 00068A   15117.87396402  .00000121  00000-0  00000+0 0  9993
2 26590   0.0047 155.1214 0003295 239.5405 180.4868  1.00273714 53032
INTELSAT 1R (IS-1R)     
1 26608U 00072A   15120.17650628 -.00000291  00000-0  00000+0 0  9997
2 26608   0.0093 282.9062 0000968  35.4799 272.9522  1.00270662 52904
SIRIUS-3                
1 26626U 00077A   15120.31862454 -.00000126  00000-0  00000+0 0  9997
2 26626  64.4976 356.5874 2665086 270.3251 329.2971  1.00284947 52792
XM-1 (ROLL)             
1 26761U 01018A   15120.61349296 -.00000031  00000-0  10000-3 0  9990
2 26761   0.1359 260.4293 0003975 324.5124  98.8954  1.00272896 51254
INTELSAT 10 (IS-10)     
1 26766U 01019A   15120.08576227  .00000117  00000-0  00000+0 0  9992
2 26766   0.0267  58.6936 0002343 338.8806 258.5143  1.00272750 51153
INTELSAT 901 (IS-901)   
1 26824U 01024A   15117.88890903 -.00000156  00000-0  00000+0 0  9991
2 26824   0.0532  59.7727 0002638 306.4616 151.3180  1.00271819 50863
INTELSAT 902 (IS-902)   
1 26900U 01039A   15118.03913513  .00000018  00000-0  00000+0 0  9999
2 26900   0.0180 279.3038 0003173 109.0668 263.4027  1.00271326 49991
DIRECTV 4S              
1 26985U 01052A   15119.21997171 -.00000125  00000-0  00000+0 0  9990
2 26985   0.0013 228.2536 0001815 155.4614 171.1379  1.00271633 49213
INTELSAT 904 (IS-904)   
1 27380U 02007A   15120.81988454  .00000042  00000-0  10000-3 0  9995
2 27380   0.0458  48.4349 0002537   1.1679 163.9681  1.00271346 48338
INTELSAT 903 (IS-903)   
1 27403U 02016A   15119.91724858 -.00000248  00000-0  00000+0 0  9990
2 27403   0.0315  15.8668 0003527  25.5594 111.8223  1.00273044 47907
DIRECTV 5 (TEMPO 1)     
1 27426U 02023A   15119.45777031 -.00000067  00000-0  10000-3 0  9997
2 27426   0.0033 337.9746 0003691  62.7829 231.0071  1.00272625 47540
INTELSAT 905 (IS-905)   
1 27438U 02027A   15118.15228774 -.00000199  00000-0  00000+0 0  9996
2 27438   0.0083 294.3562 0002602  84.3551 227.4273  1.00272874 47205
GALAXY 3C (G-3C)        
1 27445U 02030A   15120.51508512 -.00000160  00000-0  10000-3 0  9995
2 27445   0.0102 304.0631 0001780  54.1708 310.3032  1.00274551 47182
INTELSAT 906 (IS-906)   
1 27513U 02041A   15119.90005520  .00000005  00000-0  00000+0 0  9997
2 27513   0.0345  16.5083 0003148  22.6404 206.5389  1.00273042 46258
INTELSAT 907 (IS-907)   
1 27683U 03007A   15118.84278657 -.00000215  00000-0  00000+0 0  9997
2 27683   0.0098  58.2122 0002989 329.2485 104.9287  1.00271579 44636
GALAXY 12 (G-12)        
1 27715U 03013B   15120.11730271  .00000000  00000-0  10000-3 0  9994
2 27715   0.0533 109.0060 0001007 261.6774 120.3108  1.00270971 44237
GALAXY 23 (G-23)        
1 27854U 03034A   15118.60344826 -.00000001  00000-0  00000+0 0  9996
2 27854   0.0047 274.9835 0003192 121.2026 276.3091  1.00272108 42843
GALAXY 13 (HORIZONS-1)  
1 27954U 03044A   15119.82926611  .00000000  00000-0  10000-3 0  9994
2 27954   0.0153  85.8508 0000748 304.5099 358.6332  1.00271368 42421
DIRECTV 7S              
1 28238U 04016A   15120.32205251 -.00000008  00000-0  00000+0 0  9991
2 28238   0.0487  50.9172 0002884 346.8142 177.0908  1.00273059 40315
INTELSAT 10-02          
1 28358U 04022A   15119.09145625 -.00000022  00000-0  10000-3 0  9992
2 28358   0.0081 188.9115 0001585 264.1257 155.6628  1.00274218 39848
XM-3 (RHYTHM)           
1 28626U 05008A   15120.31383256 -.00000214  00000-0  10000-3 0  9999
2 28626   0.0321  77.0381 0000394 257.9554 270.8193  1.00272452 37295
SPACEWAY 1              
1 28644U 05015A   15120.24444984 -.00000111  00000-0  00000+0 0  9996
2 28644   0.0038 356.2382 0000174 308.7700 257.9442  1.00272772 36744
DIRECTV 8               
1 28659U 05019A   15120.46108575 -.00000124  00000-0  00000+0 0  9997
2 28659   0.0105 340.0504 0003356  46.6582 256.5117  1.00272609 36410
GALAXY 28 (G-28)        
1 28702U 05022A   15119.34585439 -.00000197  00000-0  00000+0 0  9993
2 28702   0.0109 325.8247 0000531 301.4767 345.1742  1.00271398 36094
GALAXY 14 (G-14)        
1 28790U 05030A   15119.93330225  .00000000  00000-0  10000-3 0  9992
2 28790   0.0431  67.0137 0001921 336.5589  24.9799  1.00270859 35530
GALAXY 15 (G-15)        
1 28884U 05041A   15119.88360524  .00000000  00000-0  10000-3 0  9997
2 28884   0.0493  52.4457 0001593 353.5958 356.5942  1.00272460 34879
SPACEWAY 2              
1 28903U 05046B   15120.23755507 -.00000136  00000-0  00000+0 0  9990
2 28903   0.0159   8.4787 0000174 341.4232 214.4037  1.00272100 34724
GALAXY 16 (G-16)        
1 29236U 06023A   15120.23755797 -.00000136  00000-0  10000-3 0  9992
2 29236   0.0061 189.3859 0003197 198.4289 176.5643  1.00272262 32497
DIRECTV 9S              
1 29494U 06043A   15118.99107760 -.00000126  00000-0  00000+0 0  9995
2 29494   0.0415 102.1660 0003496 287.4259  82.7262  1.00272503 31321
XM-4 (BLUES)            
1 29520U 06049A   15120.61358159 -.00000031  00000-0  00000+0 0  9998
2 29520   0.0122 126.5558 0000189 260.1073 297.2270  1.00273203 31229
GALAXY 17 (G-17)        
1 31307U 07016B   15120.32283769 -.00000183  00000-0  00000+0 0  9999
2 31307   0.0641  62.9749 0003329 342.8407 197.3601  1.00272068 29306
DIRECTV 10              
1 31862U 07032A   15119.48094729 -.00000114  00000-0  00000+0 0  9998
2 31862   0.0464  63.7695 0000458 222.8194   0.8627  1.00272213 28626
SPACEWAY 3              
1 32018U 07036A   15120.51503461 -.00000160  00000-0  10000-3 0  9996
2 32018   0.0255  66.3419 0000233 321.4624 280.7771  1.00272560 28350
INTELSAT 11 (IS-11)     
1 32253U 07044B   15120.66670016 -.00000276  00000-0  10000-3 0  9991
2 32253   0.0071 229.2800 0002905 169.0717  16.9453  1.00271535 27769
HORIZONS-2              
1 32388U 07063B   15119.82358934 -.00000193  00000-0  10000-3 0  9997
2 32388   0.0049 234.4117 0003120 157.4976 206.8801  1.00272448 27109
DIRECTV 11              
1 32729U 08013A   15120.33759628 -.00000135  00000-0  00000+0 0  9996
2 32729   0.0376  70.0564 0000378 188.0527 342.2121  1.00272512 26162
GALAXY 18 (G-18)        
1 32951U 08024A   15120.28602674  .00000016  00000-0  00000+0 0  9994
2 32951   0.0095 245.0161 0003321 156.2399 156.6098  1.00272604 25340
INTELSAT 25 (IS-25)     
1 33153U 08034A   15119.05527825 -.00000237  00000-0  00000+0 0  9993
2 33153   0.0049 338.4598 0003393  36.2755 190.3564  1.00268658 24893
GALAXY 19 (G-19)        
1 33376U 08045A   15118.41595561 -.00000153  00000-0  00000+0 0  9990
2 33376   0.0009 346.4773 0002331  43.4889 238.8271  1.00271897 24105
SIRIUS FM-5             
1 35493U 09034A   15119.35520906 -.00000157  00000-0  00000+0 0  9990
2 35493   0.0181 283.5178 0001393  49.6283 275.7013  1.00272301 21237
INTELSAT 14 (IS-14)     
1 36097U 09064A   15120.05131398 -.00000283  00000-0  00000+0 0  9996
2 36097   0.0076 359.0091 0002253  39.6985 152.4606  1.00272520 19934
INTELSAT 15 (IS-15)     
1 36106U 09067A   15118.82601418 -.00000198  00000-0  10000-3 0  9997
2 36106   0.0034 308.9347 0002324  95.1770 194.8482  1.00270724 19817
DIRECTV 12              
1 36131U 09075A   15120.37329455 -.00000112  00000-0  10000-3 0  9991
2 36131   0.0090 165.1672 0000095 298.4923 145.9577  1.00272692 19618
INTELSAT 16 (IS-16)     
1 36397U 10006A   15118.05697414 -.00000249  00000-0  00000+0 0  9992
2 36397   0.0475  39.8321 0002008   8.2546 109.1261  1.00272507 18998
XM-5                    
1 37185U 10053A   15120.31383256 -.00000214  00000-0  10000-3 0  9995
2 37185   0.0169 278.4517 0001847  75.2614 251.9865  1.00271793 16677
INTELSAT 17 (IS-17)     
1 37238U 10065B   15120.31955185  .00000000  00000-0  10000-3 0  9995
2 37238   0.0105 115.3217 0003342 277.2881   6.3845  1.00270387 16177
INTELSAT NEW DAWN       
1 37392U 11016A   15120.15735818  .00000146  00000-0  10000-3 0  9995
2 37392   0.0073 230.2339 0000492 161.6215 275.3619  1.00272581 14762
INTELSAT 18 (IS-18)     
1 37834U 11056A   15120.44475485  .00000044  00000-0  00000+0 0  9995
2 37834   0.0014 304.8756 0001936  66.5245 186.7610  1.00272250 13127
INTELSAT 22 (IS-22)     
1 38098U 12011A   15116.04943431 -.00000079  00000-0  00000+0 0  9991
2 38098   0.0350  58.5468 0001962 352.7595 252.3125  1.00271456 11275
INTELSAT 19 (IS-19)     
1 38356U 12030A   15120.82421088 -.00000064  00000-0  00000+0 0  9993
2 38356   0.0166 323.8223 0003029  63.0908 294.2275  1.00271197 10744
INTELSAT 20 (IS-20)     
1 38740U 12043A   15119.96811564  .00000000  00000-0  10000-3 0  9993
2 38740   0.0111 348.3951 0000220  82.4789 203.7812  1.00271310 10056
INTELSAT 21 (IS-21)     
1 38749U 12045A   15116.44052416 -.00000304  00000-0  00000+0 0  9990
2 38749   0.0131 340.8065 0002160  45.3177 288.5622  1.00269909  9839
INTELSAT 23 (IS-23)     
1 38867U 12057A   15120.58702328 -.00000293  00000-0  00000+0 0  9995
2 38867   0.0147 270.5612 0001740 126.1101 339.8563  1.00271976  9350
SIRIUS FM-6             
1 39360U 13058A   15120.03469786  .00000000  00000-0  10000-3 0  9994
2 39360   0.0308  81.9017 0000424 121.8199 270.3120  1.00270731  5585
INTELSAT 30 (IS-30)     
1 40271U 14062A   15120.51487451 -.00000159  00000-0  00000+0 0  9996
2 40271   0.0037 172.2610 0001311  54.7910  81.3863  1.00272032  2005
