METEOSAT-7              
1 24932U 97049B   15119.89162368  .00000050  00000-0  00000+0 0  9993
2 24932   9.6055  44.7934 0000641 300.5331 250.8623  1.00268575 64655
NOAA 15                 
1 25338U 98030A   15120.50133940  .00000181  00000-0  95272-4 0  9994
2 25338  98.7718 119.1083 0009683 311.6024  48.4325 14.25608869882046
METEOSAT-8 (MSG-1)      
1 27509U 02040B   15120.55398003  .00000000  00000-0  10000-3 0  9995
2 27509   3.4541  61.2522 0000532 196.0657 163.8440  1.00267773 46474
KALPANA-1 (METSAT 1)    
1 27525U 02043A   15120.35770291  .00000000  00000-0  10000-3 0  9997
2 27525   4.9935  60.8495 0009881 219.2036 140.6498  1.00269367 46279
INSAT-3A                
1 27714U 03013A   15120.52209995 -.00000266  00000-0  00000+0 0  9992
2 27714   0.1173  91.2519 0005271 331.3756  76.9690  1.00271767 44180
HIMAWARI-6 (MTSAT-1R)   
1 28622U 05006A   15120.26310924  .00000000  00000-0  10000-3 0  9991
2 28622   0.1005  87.0388 0004353 310.4809  55.0373  1.00267327 36608
NOAA 18                 
1 28654U 05018A   15120.45078669  .00000138  00000-0  10028-3 0  9999
2 28654  99.1821 111.9351 0015379  94.2653 266.0275 14.12186249512332
METEOSAT-9 (MSG-2)      
1 28912U 05049B   15120.29142538  .00000054  00000-0  00000+0 0  9991
2 28912   0.7391  54.4348 0001261 289.4842 348.1938  1.00269582 34320
MTSAT-2                 
1 28937U 06004A   15119.37240613 -.00000254  00000-0  00000+0 0  9993
2 28937   0.0097 275.4218 0003599 110.8374 109.8530  1.00272704 33629
FORMOSAT-3 FM6          
1 29047U 06011A   15119.84866813  .00000259  00000-0  11880-3 0  9998
2 29047  71.9805 337.1032 0049671  55.2671 305.3128 14.28318645473486
FORMOSAT-3 FM1          
1 29048U 06011B   15120.51217701  .00000216  00000-0  10226-3 0  9997
2 29048  71.9689 248.7423 0044159   6.8936  62.8074 14.28289160476061
FORMOSAT-3 FM5          
1 29049U 06011C   15120.16829922  .00000356  00000-0  15788-3 0  9996
2 29049  72.0216  50.4940 0033604  51.7617  48.6510 14.28299881471782
FORMOSAT-3 FM3          
1 29050U 06011D   15120.27266943  .00000882  00000-0  20000-3 0  9995
2 29050  72.0181  26.5884 0049618 132.6772 227.8577 14.57761495483020
FORMOSAT-3 FM4          
1 29051U 06011E   15119.54829622  .00000290  00000-0  12947-3 0  9997
2 29051  72.0064 317.1708 0069894 287.5656  71.7853 14.28302820474286
FORMOSAT-3 FM2          
1 29052U 06011F   15120.26190869  .00000331  00000-0  14759-3 0  9992
2 29052  72.0369  24.4027 0039951  15.4617 127.1204 14.28406958472701
GOES 13                 
1 29155U 06018A   15120.32327981 -.00000259  00000-0  00000+0 0  9997
2 29155   0.2803 265.8278 0004858 157.5906 196.3093  1.00272442 32742
METOP-A                 
1 29499U 06044A   15120.16485419  .00000224  00000-0  12240-3 0  9994
2 29499  98.6798 180.3147 0000471  69.9798 347.9480 14.21493949442467
FENGYUN 2D              
1 29640U 06053A   15120.07338112 -.00000208  00000-0  10000-3 0  9994
2 29640   2.9915  68.4235 0001939 126.5388 135.7196  1.00276460 30788
FENGYUN 3A              
1 32958U 08026A   15120.74424980  .00000145  00000-0  88695-4 0  9990
2 32958  98.5075 173.1102 0010251  21.5185 338.6417 14.19550553358892
FENGYUN 2E              
1 33463U 08066A   15117.82911912 -.00000345  00000-0  00000+0 0  9999
2 33463   2.5111  58.6294 0002870 153.9740  45.7669  1.00276274 23293
NOAA 19                 
1 33591U 09005A   15120.47475619  .00000166  00000-0  11521-3 0  9993
2 33591  98.9860  70.2496 0013223 308.0264  51.9713 14.11922134320756
GOES 14                 
1 35491U 09033A   15120.49062086 -.00000101  00000-0  00000+0 0  9993
2 35491   0.1551 100.3703 0000866  17.7855 172.1733  1.00272057 21396
METEOR-M 1              
1 35865U 09049A   15120.71402274  .00000154  00000-0  88881-4 0  9992
2 35865  98.5047 162.7462 0001552 258.6844 101.4155 14.22018184291460
GOES 15                 
1 36411U 10008A   15120.45110270  .00000082  00000-0  00000+0 0  9992
2 36411   0.0844 110.1301 0001614 238.7110 256.2154  1.00269671 18910
COMS 1                  
1 36744U 10032A   15120.14884826  .00000000  00000-0  10000-3 0  9994
2 36744   0.0402  53.6893 0000431 346.9457 358.9183  1.00266152 17875
FENGYUN 3B              
1 37214U 10059A   15120.83031529  .00000194  00000-0  11332-3 0  9999
2 37214  98.8906  74.7127 0000505 338.4196  21.6960 14.19586697232402
ELEKTRO-L 1 (GOMS 2)    
1 37344U 11001A   15119.41168693  .00000000  00000-0  10000-3 0  9993
2 37344   0.8787  80.8087 0002593 225.5820 134.7417  1.00265263 15690
SUOMI NPP               
1 37849U 11061A   15120.17357744  .00000095  00000-0  65451-4 0  9996
2 37849  98.6953  60.3537 0000791 111.7960   0.4893 14.19582980181561
FENGYUN 2F              
1 38049U 12002A   15120.76933453 -.00000365  00000-0  10000-3 0  9997
2 38049   0.2151  34.2273 0002459 165.5957  47.7056  1.00280255 12122
METEOSAT-10 (MSG-3)     
1 38552U 12035B   15117.13599166 -.00000024  00000-0  00000+0 0  9995
2 38552   0.0659 271.2037 0000642 184.1433 168.0503  1.00273798 10419
METOP-B                 
1 38771U 12049A   15119.79579979  .00000107  00000-0  68928-4 0  9996
2 38771  98.7015 180.4194 0001070  47.8958  89.1471 14.21497061135547
FENGYUN 3C              
1 39260U 13052A   15120.79265742  .00000134  00000-0  84178-4 0  9992
2 39260  98.7327 193.5994 0001610  80.0416 280.0939 14.19554652 82941
METEOR-M 2              
1 40069U 14037A   15120.75823679  .00000028  00000-0  33574-4 0  9996
2 40069  98.7620 175.8205 0004852 307.6071  52.4662 14.20606383 42031
HIMAWARI 8              
1 40267U 14060A   15120.26525802  .00000000  00000-0  10000-3 0  9993
2 40267   0.0342  76.5513 0005481 256.3183 121.2093  1.00268848  2099
FENGYUN 2G              
1 40367U 14090A   15119.88841949  .00000000  00000-0  10000-3 0  9996
2 40367   2.0385 277.4919 0004798 258.7035 100.8717  1.00267641  1267
