NOAA 15                 
1 25338U 98030A   15355.54413113  .00000159  00000-0  85772-4 0  9990
2 25338  98.7795 354.3770 0010466 350.4499   9.6480 14.25688081915531
NOAA 18                 
1 28654U 05018A   15355.52854705  .00000085  00000-0  71608-4 0  9993
2 28654  99.1942 352.8468 0014684 152.6869 207.5076 14.12256421545512
METOP-A                 
1 29499U 06044A   15355.55779166  .00000094  00000-0  63087-4 0  9993
2 29499  98.7228  51.9418 0000491   6.4301 130.2752 14.21483067475908
NOAA 19                 
1 33591U 09005A   15355.52498060  .00000220  00000-0  14487-3 0  9999
2 33591  99.0159 306.0774 0014202   6.3542 353.7807 14.12018736353920
METOP-B                 
1 38771U 12049A   15354.81652334  .00000067  00000-0  50615-4 0  9996
2 38771  98.6739  51.7825 0001419  65.5502  46.1216 14.21498613168932
SARAL                   
1 39086U 13009A   15355.52713940  .00000077  00000-0  44545-4 0  9999
2 39086  98.5390 180.5298 0001747 111.1260 249.0110 14.32255711147297
