BEIDOU G1               
1 36287U 10001A   16042.88706399 -.00000300  00000-0  10000-3 0  9999
2 36287   1.5741   9.6517 0003106 220.8196  10.1879  1.00265919 22285
BEIDOU G3               
1 36590U 10024A   16043.01848361 -.00000371  00000-0  00000+0 0  9996
2 36590   1.4742  29.9880 0003512 280.7786 307.8485  1.00276770 20892
BEIDOU IGSO 1           
1 36828U 10036A   16042.88488874 -.00000131  00000-0  10000-3 0  9995
2 36828  54.2557 198.3589 0042462 213.0643 169.0776  1.00273064 20334
BEIDOU G4               
1 37210U 10057A   16042.68470698 -.00000127  00000-0  00000+0 0  9997
2 37210   0.9060  48.4429 0006988 186.4338 312.8526  1.00271116 19393
BEIDOU IGSO 2           
1 37256U 10068A   16043.43698837 -.00000224  00000-0  10000-3 0  9993
2 37256  53.7301 316.9635 0040539 207.7469 254.4490  1.00279357 18925
BEIDOU IGSO 3           
1 37384U 11013A   16042.88661547 -.00000161  00000-0  10000-3 0  9992
2 37384  57.2232  78.0978 0027899 201.4758 299.1942  1.00300034 17790
BEIDOU IGSO 4           
1 37763U 11038A   16042.88508539 -.00000070  00000-0  10000-3 0  9990
2 37763  54.5649 200.6415 0035137 199.8003 154.7399  1.00263827 16754
BEIDOU IGSO 5           
1 37948U 11073A   16043.00276280 -.00000163  00000-0  10000-3 0  9997
2 37948  53.8226 316.4234 0036446 205.0628  75.7200  1.00283917 15512
BEIDOU G5               
1 38091U 12008A   16043.15333784  .00000041  00000-0  00000+0 0  9994
2 38091   1.4500  43.6393 0002031 212.2779 359.6142  1.00268382 14596
BEIDOU M3               
1 38250U 12018A   16042.77330434 -.00000018  00000-0  10000-3 0  9998
2 38250  55.9147  70.6537 0024604 217.1254 231.9675  1.86233321 25927
BEIDOU M4               
1 38251U 12018B   16043.16753323 -.00000022  00000-0  10000-3 0  9994
2 38251  55.8517  70.1002 0026932 210.8249 189.7415  1.86234113 25933
BEIDOU M6               
1 38775U 12050B   16042.77155898  .00000051  00000-0  00000+0 0  9996
2 38775  54.8401 189.8802 0018302 218.2989 111.5398  1.86233131 23295
BEIDOU G6               
1 38953U 12059A   16042.59950648 -.00000160  00000-0  10000-3 0  9996
2 38953   0.6588  75.8970 0003804 201.2828 159.7558  1.00267221 12162
BEIDOU I1-S             
1 40549U 15019A   16043.00984080 -.00000187  00000-0  00000+0 0  9997
2 40549  54.8013 339.3745 0040608 181.0316  80.0654  1.00288861  3197
BEIDOU-3 M1             
1 40748U 15037A   16043.48860455 -.00000026  00000-0  00000+0 0  9991
2 40748  55.1171  70.3573 0009462 262.4361 258.9244  1.86229701  3761
BEIDOU-3 M2             
1 40749U 15037B   16042.69382686 -.00000020  00000-0  00000+0 0  9993
2 40749  55.1189  70.3703 0010039 269.6580 215.1132  1.86237416  3741
BEIDOU I2-S             
1 40938U 15053A   16042.79829661 -.00000144  00000-0  00000+0 0  9998
2 40938  54.8612 302.2193 0042693 165.8134  58.0016  1.00269746  1471
BEIDOU M3-S             
1 41315U 16006A   16043.01764834  .00000053  00000-0  00000+0 0  9991
2 41315  55.0102 190.0077 0082134 173.8493 329.6488  1.83916654   245
