BEIJING 1               
1 28890U 05043A   16071.20772867  .00000222  00000-0  53916-4 0  9997
2 28890  97.8261 244.8850 0015772 166.0102 194.1526 14.61098342552818
HJ-1A                   
1 33320U 08041A   16071.16969264  .00000686  00000-0  10523-3 0  9996
2 33320  97.9944 136.0328 0027748  78.1013 282.3320 14.76527355404458
HJ-1B                   
1 33321U 08041B   16071.19703358  .00000709  00000-0  10795-3 0  9997
2 33321  97.9988 136.9624 0036311  93.3290 267.2080 14.76583598404442
YAOGAN 4                
1 33446U 08061A   16071.23938974  .00000735  00000-0  11265-3 0  9998
2 33446  97.5947  89.9138 0016986  15.1523 345.0193 14.76264443391715
DEIMOS-1                
1 35681U 09041A   16071.23136276  .00000415  00000-0  74758-4 0  9997
2 35681  98.0029 326.6512 0002277  39.7966 320.3408 14.71540010355057
UK-DMC 2                
1 35683U 09041C   16071.19704288  .00000196  00000-0  39906-4 0  9990
2 35683  97.9002 319.7088 0001625  83.6969 276.4433 14.70851101354947
RISAT 1                 
1 38248U 12017A   16071.22823065  .00001698  00000-0  11151-3 0  9995
2 38248  97.5634  79.2740 0004409 169.0657 251.7481 15.08962707213426
DMC3-FM1                
1 40715U 15032A   16071.17860196  .00000220  00000-0  41489-4 0  9995
2 40715  98.0913 323.3893 0016250 173.8347 186.3070 14.73689075 36001
DMC3-FM2                
1 40716U 15032B   16071.20240612  .00000185  00000-0  36152-4 0  9996
2 40716  98.0931 323.3914 0013366 181.5225 178.5950 14.73682154 36014
DMC3-FM3                
1 40717U 15032C   16071.22394115  .00000228  00000-0  42775-4 0  9993
2 40717  98.0897 324.3119 0017263 175.5712 184.5662 14.73708219 36016
