SAUDISAT 1C             
1 27607U 02058C   15312.53599041  .00000645  00000-0  11161-3 0  9993
2 27607  64.5536 117.9761 0082526 260.7378  98.4383 14.74909242692577
SAUDISAT 2              
1 28371U 04025F   15313.47190093  .00000273  00000-0  74774-4 0  9993
2 28371  98.0496 276.1735 0025753 357.1906   2.9128 14.54107481602716
UNISAT 3                
1 28373U 04025H   15312.42121365  .00000269  00000-0  87115-4 0  9993
2 28373  98.2685 256.2079 0068851 191.0195 168.9493 14.45182690599146
SAUDISAT 3              
1 31118U 07012B   15313.49516388  .00000179  00000-0  38265-4 0  9996
2 31118  97.7261 327.9799 0015159 351.0712   9.0230 14.68936606459027
