PROBA-1                 
1 26958U 01049B   16022.46176341  .00000499  00000-0  49140-4 0  9991
2 26958  97.4967   3.8903 0072517 243.8765 115.4960 14.94550258775079
BIRD 2                  
1 26959U 01049C   16022.44712594  .00006129  00000-0  20556-3 0  9991
2 26959  97.7621 297.8973 0011506  37.8823 322.3225 15.31234771787920
CUTE-1 (CO-55)          
1 27844U 03031E   16021.96452135  .00000168  00000-0  96039-4 0  9993
2 27844  98.6943  32.3580 0010245  34.0817 326.1017 14.21904047651523
CUBESAT XI-IV (CO-57)   
1 27848U 03031J   16021.82842967  .00000139  00000-0  83548-4 0  9997
2 27848  98.7041  32.2434 0010300  41.9879 318.2086 14.21536544651409
GENESIS 1               
1 29252U 06029A   16021.84005356  .00003535  00000-0  19250-3 0  9994
2 29252  64.5062 157.4605 0042544 243.0392 277.7904 15.15450635524153
FALCONSAT-3             
1 30776U 07006E   16021.44489183  .00009716  00000-0  35231-3 0  9997
2 30776  35.4309  69.7870 0000399 239.8440 120.2245 15.27637261489666
GENESIS 2               
1 31789U 07028A   16022.00145360  .00002731  00000-0  15289-3 0  9996
2 31789  64.5040 193.0884 0051594 285.3996  74.1428 15.14705759471280
APRIZESAT 4             
1 35684U 09041D   16022.07907590  .00000427  00000-0  64690-4 0  9990
2 35684  98.0858 314.5228 0046483 308.4826 117.8884 14.78793058349440
APRIZESAT 3             
1 35686U 09041F   16022.45648528  .00000564  00000-0  67479-4 0  9997
2 35686  98.2281 355.9047 0072535 236.1335 123.2964 14.86726012351146
PROBA-2                 
1 36037U 09059B   16022.47844251  .00000109  00000-0  37250-4 0  9999
2 36037  98.2663 217.5513 0014364 110.1639 250.1103 14.52919747329823
APRIZESAT 5             
1 37792U 11044E   16022.55323168  .00000524  00000-0  84528-4 0  9994
2 37792  98.2677 146.6407 0057696 240.0785 119.4685 14.74858414238436
APRIZESAT 6             
1 37793U 11044F   16022.33182618  .00000424  00000-0  75077-4 0  9992
2 37793  98.2348 136.8306 0046067 258.9968 165.9363 14.71968319237961
TET-1                   
1 38710U 12039D   16022.00071296  .00008849  00000-0  22524-3 0  9997
2 38710  97.4915 316.2376 0000187 113.5307 246.5958 15.39825785195276
STSAT-2C                
1 39068U 13003A   16022.12854052  .00038747  21815-7  50271-3 0  9992
2 39068  80.2336  33.4094 0491843 270.3216  84.1665 14.81067522155831
CUSAT 1                 
1 39266U 13055B   16022.13681868  .00008783  00000-0  26234-3 0  9998
2 39266  80.9898 179.9764 0692063 279.4676  72.8981 14.21692755119020
STPSAT-3                
1 39380U 13064A   16022.14486173  .00005502  00000-0  18562-3 0  9999
2 39380  40.5023 283.9133 0005891 319.4574  40.5798 15.31144994121170
APRIZESAT 7             
1 39416U 13066A   16022.45734175  .00000425  00000-0  57346-4 0  9996
2 39416  97.7077  86.5833 0042693 131.4318 229.0577 14.83443583117352
APRIZESAT 8             
1 39425U 13066K   16021.76445443  .00000359  00000-0  52154-4 0  9994
2 39425  97.7029  82.4841 0053277 140.1758 220.3384 14.80724788117062
BUGSAT-1 (TITA)         
1 40014U 14033E   16022.50440738  .00001288  00000-0  12535-3 0  9990
2 40014  97.9565 294.6451 0031281 219.9095 139.9861 14.94037186 86782
SAUDISAT 4              
1 40016U 14033G   16022.55759077  .00000254  00000-0  44690-4 0  9996
2 40016  97.9239 276.6987 0049553 133.8759 226.6560 14.74945989 85740
TABLETSAT-AURORA        
1 40017U 14033H   16022.45370485  .00001640  00000-0  16680-3 0  9995
2 40017  97.9525 292.4521 0022853 217.0247 142.9388 14.92018357 86659
APRIZESAT 9             
1 40018U 14033J   16022.53135777  .00000206  00000-0  41404-4 0  9998
2 40018  97.9144 271.5317 0072537 144.0132 216.5990 14.69647481 85335
APRIZESAT 10            
1 40019U 14033K   16022.24332321  .00000215  00000-0  45179-4 0  9994
2 40019  97.9098 268.4699 0085222 151.5401 209.0497 14.66732659 85179
AISAT                   
1 40054U 14034B   16022.22710467  .00001589  00000-0  23734-3 0  9990
2 40054  98.2021 108.3352 0012319 242.0114 117.9849 14.76187489 84162
CANX-4                  
1 40055U 14034C   16022.22893917  .00000432  00000-0  73217-4 0  9991
2 40055  98.2030 107.6996 0013171 254.3258 105.6497 14.74328400 84106
CANX-5                  
1 40056U 14034D   16022.50051314  .00000468  00000-0  78672-4 0  9999
2 40056  98.2030 107.9736 0013195 253.7025 106.2732 14.74329217 84143
TDS 1                   
1 40076U 14037H   16022.47198988  .00000263  00000-0  41209-4 0  9998
2 40076  98.3318 107.8218 0004770 282.2973  77.7710 14.81109683 83279
TIANTUO 2               
1 40144U 14053B   16022.52074169  .00002707  00000-0  91600-4 0  9997
2 40144  97.3650 102.9520 0010802 299.7267 117.4795 15.31442813 76635
