GOES 3                  
1 10953U 78062A   15352.33870409 -.00000114  00000-0  00000+0 0  9997
2 10953  14.0081 337.1480 0003912 202.0506 284.3454  1.00280084 90484
TDRS 3                  
1 19548U 88091B   15354.17252317 -.00000306  00000-0  00000+0 0  9998
2 19548  14.7344  13.9727 0039967 302.0036 132.2788  1.00268305 86942
SKYNET 4C               
1 20776U 90079A   15354.81619853 -.00000043  00000-0  00000+0 0  9993
2 20776  13.5007  21.7460 0003163 247.2253 112.7366  1.00273839 92525
TDRS 5                  
1 21639U 91054B   15354.69064759  .00000080  00000-0  00000+0 0  9991
2 21639  13.9395  27.3736 0022420 317.3790 185.2369  1.00266095 89281
TDRS 6                  
1 22314U 93003B   15354.44687737 -.00000297  00000-0  00000+0 0  9999
2 22314  13.4230  30.2277 0008119 268.2985 265.1409  1.00277649 83955
INTELSAT 701 (IS-701)   
1 22871U 93066A   15355.14900231 -.00000221  00000-0  00000+0 0  9998
2 22871   3.1589  70.0046 0004986 203.9280 199.5957  1.00270109 80942
NATO 4B                 
1 22921U 93076A   15352.77562532  .00000130  00000-0  00000+0 0  9997
2 22921  11.8152  28.4583 0003330 241.8701 128.5296  1.00271738 80660
INTELSAT 702 (IS-702)   
1 23124U 94034A   15354.07107964  .00000149  00000-0  00000+0 0  9997
2 23124   3.5012  68.2835 0002619 176.7949 261.7634  1.00270264 92954
OPTUS B3                
1 23227U 94055A   15354.55589317 -.00000086  00000-0  00000+0 0  9994
2 23227   6.5184  54.3936 0006116 213.6315 185.0867  1.00272218 78022
ASTRA 1D                
1 23331U 94070A   15355.18206414 -.00000292  00000-0  00000+0 0  9990
2 23331   6.7017  53.5133 0003710 222.2528 191.9143  1.00271322 77751
BRASILSAT B2            
1 23536U 95016A   15353.35117617 -.00000289  00000-0  00000+0 0  9997
2 23536   6.3202  55.3292 0002726 235.0538 220.4380  1.00270204 75886
AMSC 1                  
1 23553U 95019A   15355.16327007 -.00000120  00000-0  00000+0 0  9990
2 23553   9.3429  44.9575 0004994 203.4467 156.4673  1.00272434 75752
TDRS 7                  
1 23613U 95035B   15354.07539669 -.00000206  00000-0  00000+0 0  9998
2 23613  14.6750  21.0706 0018351  12.9962 166.2932  1.00271137 74724
ECHOSTAR 1              
1 23754U 95073A   15354.51030935 -.00000244  00000-0  00000+0 0  9999
2 23754   0.0121  46.1670 0002542 221.9803 287.1913  1.00271646 73029
INMARSAT 3-F1           
1 23839U 96020A   15353.84389036  .00000006  00000-0  00000-0 0  9996
2 23839   2.9426  70.0850 0006907 205.8806 180.3997  1.00271399 71895
ASTRA 1F                
1 23842U 96021A   15355.18507834  .00000135  00000-0  00000+0 0  9990
2 23842   0.0590 315.6285 0003691 309.5793 295.1409  1.00270944 71915
MSAT M1                 
1 23846U 96022A   15353.20285752 -.00000084  00000-0  00000+0 0  9992
2 23846   6.8902  53.1483 0005475 220.0974 139.7542  1.00272063 72000
PALAPA C2               
1 23864U 96030A   15353.66595970 -.00000241  00000-0  00000+0 0  9992
2 23864   4.5719  62.5463 0001189 185.7999 225.3838  1.00272507 71759
INMARSAT 3-F2           
1 24307U 96053A   15355.18967102 -.00000128  00000-0  00000+0 0  9993
2 24307   1.5256  80.4620 0007256 191.5380 230.2243  1.00271196 70611
AMC-1 (GE-1)            
1 24315U 96054A   15354.11317396  .00000057  00000-0  00000+0 0  9999
2 24315   0.4442  87.7760 0002679 188.7169  83.4829  1.00271336 70600
AFRICASAT-2 (MEASAT-2)  
1 24653U 96063B   15354.84652495 -.00000230  00000-0  00000+0 0  9990
2 24653   6.6175  53.9697 0009764 170.9343 316.9812  1.00271134 69935
EUTELSAT 48A            
1 24665U 96067A   15355.05720549  .00000111  00000-0  00000+0 0  9994
2 24665   5.4279  58.9147 0006531 212.3823 246.8452  1.00273248 70265
INMARSAT 3-F3           
1 24674U 96070A   15354.40657550  .00000034  00000-0  00000+0 0  9991
2 24674   2.3616  74.4626 0005889 203.9793 134.6730  1.00271841 69547
AMC-2 (GE-2)            
1 24713U 97002A   15353.35073404 -.00000230  00000-0  00000+0 0  9993
2 24713   3.3118  68.9011 0005171 204.5037 219.6330  1.00270559 19895
INTELSAT 26 (IS-26)     
1 24732U 97007A   15354.76424404  .00000017  00000-0  00000+0 0  9997
2 24732   6.5862  54.2337 0004267 196.0066 176.0888  1.00273045 68866
GALAXY 25 (G-25)        
1 24812U 97026A   15354.01339646 -.00000164  00000-0  00000+0 0  9992
2 24812   0.0295 339.0899 0002902 291.3596  89.5173  1.00270769 67934
INMARSAT 3-F4           
1 24819U 97027A   15354.06888422 -.00000293  00000-0  00000+0 0  9999
2 24819   4.8031  60.8503 0004747 206.0794 152.1496  1.00276312 67939
ABS-3                   
1 24901U 97042A   15354.37458546 -.00000132  00000-0  00000+0 0  9994
2 24901   3.8793  66.5923 0006715 208.4257 292.6940  1.00272730 67104
INTELSAT 5 (IS-5)       
1 24916U 97046A   15354.52107540 -.00000144  00000-0  00000+0 0  9999
2 24916   2.4802  73.8700 0004240 205.7761 153.7197  1.00271134 67198
METEOSAT-7              
1 24932U 97049B   15353.71296827  .00000046  00000-0  00000+0 0  9997
2 24932   9.9517  42.4272 0002071 256.3732 103.5585  1.00277149 66990
AMC-3 (GE-3)            
1 24936U 97050A   15354.44586690 -.00000275  00000-0  10000-3 0  9994
2 24936   0.0153 308.8653 0002646 310.9184 282.4383  1.00270786 67028
NSS-5                   
1 24957U 97053A   15354.87824301  .00000105  00000-0  00000+0 0  9997
2 24957   2.7834  72.1307 0003828 209.2793 174.4168  1.00275250 66821
ECHOSTAR 3              
1 25004U 97059A   15353.15461393 -.00000283  00000-0  00000+0 0  9993
2 25004   1.0359  82.4415 0001289 195.3579 163.5144  1.00272398 66710
JCSAT-1B                
1 25067U 97075A   15353.66362899 -.00000208  00000-0  00000+0 0  9994
2 25067   4.5921  62.3985 0007679 201.8160 212.6393  1.00269540 66121
ASTRA 1G                
1 25071U 97076A   15354.92125333  .00000045  00000-0  00000+0 0  9998
2 25071   1.2197  79.7933 0003997 196.1640 204.7366  1.00273114 66122
BRASILSAT B3            
1 25152U 98006A   15354.20681401 -.00000175  00000-0  00000+0 0  9991
2 25152   2.9909  71.3904 0003246 197.9368 161.6671  1.00270294 65507
INMARSAT 3-F5           
1 25153U 98006B   15354.18480647  .00000054  00000-0  00000+0 0  9993
2 25153   1.4957  74.1621 0004430 212.5079 246.5346  0.99887042 65460
NSS-806                 
1 25239U 98014A   15354.06905193 -.00000281  00000-0  00000+0 0  9995
2 25239   0.0524 358.3243 0004562 265.5249 161.8433  1.00272831 65227
CHINASAT 5A (ZX 5A)     
1 25354U 98033A   15354.72553970 -.00000270  00000-0  00000+0 0  9997
2 25354   0.1113  89.2613 0002191 350.5245  52.3767  1.00268874 68823
THOR III                
1 25358U 98035A   15353.94012627 -.00000044  00000-0  00000+0 0  9994
2 25358   4.4725  62.6120 0003091 209.4000 150.3567  1.00272776 64281
INTELSAT 805 (IS-805)   
1 25371U 98037A   15354.28025692 -.00000288  00000-0  00000+0 0  9995
2 25371   0.0451  63.8096 0003444 214.8195 215.3213  1.00271002 64142
ASTRA 2A                
1 25462U 98050A   15351.20112602  .00000151  00000-0  00000-0 0  9997
2 25462   0.0523 236.6636 0001978 303.8999   5.3695  1.00274656 63287
INTELSAT 7 (IS-7)       
1 25473U 98052A   15354.01708116 -.00000146  00000-0  00000+0 0  9998
2 25473   2.0762  76.8222 0004211 167.6169 191.8234  1.00271904 63226
AFRISTAR                
1 25515U 98063A   15355.18539863  .00000121  00000-0  00000+0 0  9999
2 25515   2.2471  70.9375 0004269 195.8087 270.4233  1.00270508 62716
INTELSAT 8 (IS-8)       
1 25522U 98065A   15353.76564005 -.00000033  00000-0  00000+0 0  9990
2 25522   0.0249  55.8442 0003325 207.8404 268.9612  1.00271961 62693
EUTELSAT 115 WEST A     
1 25558U 98070A   15354.24644943 -.00000142  00000-0  00000+0 0  9990
2 25558   2.0744  76.5639 0002815  11.7472 347.6839  1.00443486 62624
JCSAT-4A                
1 25630U 99006A   15354.09914019 -.00000158  00000-0  00000+0 0  9995
2 25630   1.1821  82.7086 0001993 189.9725 293.3152  1.00270201 61572
SKYNET 4E               
1 25639U 99009B   15353.16222259  .00000022  00000-0  00000+0 0  9991
2 25639   9.5826  33.0274 0002941 247.2500 231.5289  1.00275178 61583
ASIASAT 3S              
1 25657U 99013A   15354.78316581 -.00000201  00000-0  00000+0 0  9997
2 25657   1.4039  80.7767 0004346 174.5303 266.1665  1.00269978 61404
NIMIQ 1                 
1 25740U 99027A   15354.34496709 -.00000201  00000-0  00000+0 0  9998
2 25740   0.0287 295.0527 0006160   0.3759 190.8908  1.00271041 60786
ASTRA 1H                
1 25785U 99033A   15354.06905193 -.00000284  00000-0  00000+0 0  9996
2 25785   2.7672  72.3295 0003032 205.9769 147.1090  1.00267040 60353
TELKOM 1                
1 25880U 99042A   15354.88039096 -.00000348  00000-0  00000+0 0  9993
2 25880   0.0185 264.5660 0002178  33.9946 215.5291  1.00269865 59949
ABS-7                   
1 25894U 99046A   15354.55458203 -.00000365  00000-0  00000+0 0  9990
2 25894   0.0161  13.9773 0002462 248.8966 141.7235  1.00269728 58747
GALAXY 27 (G-27)        
1 25922U 99052A   15353.78050351 -.00000008  00000-0  00000-0 0  9990
2 25922   2.1445  75.8071 0006243 181.0020 178.4540  1.00269711 13294
ABS-6                   
1 25924U 99053A   15354.31219970 -.00000123  00000-0  00000+0 0  9994
2 25924   0.0268  62.7878 0001863 191.0434 106.1548  1.00269968 59457
TELSTAR 12 (ORION 2)    
1 25949U 99059A   15354.31112027 -.00000122  00000-0  00000+0 0  9991
2 25949   0.0194 330.9659 0002869 346.1147 228.4907  1.00271038 59100
AMC-4 (GE-4)            
1 25954U 99060A   15355.09461296 -.00000276  00000-0  10000-3 0  9995
2 25954   0.0425  63.1515 0000645  92.6450 260.6103  1.00270429 59074
GALAXY 11 (G-11)        
1 26038U 99071A   15353.37701947 -.00000253  00000-0  00000+0 0  9990
2 26038   0.0429 178.3264 0001394 157.8985 204.2669  1.00487440 58670
HISPASAT 1C             
1 26071U 00007A   15354.51045983 -.00000215  00000-0  00000+0 0  9994
2 26071   0.0552  60.6080 0001837 198.1826 289.9211  1.00270098 58219
SUPERBIRD-B2            
1 26095U 00012A   15353.83731225 -.00000095  00000-0  00000-0 0  9998
2 26095   0.0267 277.1654 0002248 341.1499 293.2297  1.00271783  6760
ASIASTAR                
1 26107U 00016A   15354.83484367 -.00000335  00000-0  00000+0 0  9995
2 26107   0.5622  79.6132 0005147 192.8408 222.1925  1.00269811 57733
EUTELSAT 16C            
1 26243U 00019A   15355.06157406  .00000088  00000-0  00000+0 0  9990
2 26243   3.2352  69.1715 0003577 210.0511 206.7437  1.00273229 57372
EUTELSAT 36A            
1 26369U 00028A   15354.96925929  .00000152  00000-0  00000+0 0  9992
2 26369   0.0632   1.5654 0004798 270.9552 201.7204  1.00270512 57060
TDRS 8                  
1 26388U 00034A   15353.67706239 -.00000230  00000-0  00000+0 0  9996
2 26388   6.5463  60.8639 0006767 188.5081 171.3432  1.00278228 56745
ECHOSTAR 6              
1 26402U 00038A   15354.34470029 -.00000150  00000-0  00000+0 0  9998
2 26402   3.1454  70.0662 0003305 212.6672 193.7475  1.00270917 56498
INTELSAT 9 (IS-9)       
1 26451U 00043A   15354.38645179 -.00000274  00000-0  00000+0 0  9999
2 26451   2.4651  74.1048 0003184 188.6121 281.9724  1.00270992 56425
BRASILSAT B4            
1 26469U 00046A   15352.99093271 -.00000212  00000-0  00000+0 0  9998
2 26469   0.5389  89.0699 0002873 183.9688  86.9370  1.00274161 56206
NILESAT 102             
1 26470U 00046B   15355.14053318 -.00000062  00000-0  00000+0 0  9991
2 26470   0.5569  85.1337 0006328 182.2419 225.5948  1.00270828 56227
ASTRA 2B                
1 26494U 00054A   15354.97362797  .00000150  00000-0  00000+0 0  9997
2 26494   1.1045  80.1456 0003125 192.8417 198.1034  1.00274582 55820
AMC-7 (GE-7)            
1 26495U 00054B   15354.12936915  .00000085  00000-0  00000+0 0  9991
2 26495   0.0291  45.5662 0002577 226.6693  87.7419  1.00272708 55837
NSS-11 (AAP-1)          
1 26554U 00059A   15353.84507954 -.00000347  00000-0  00000-0 0  9990
2 26554   0.0135 347.3140 0001189 277.7830 235.4573  1.00270332  2894
N-SAT-110 (JCSAT-110)   
1 26559U 00060A   15354.90472162 -.00000355  00000-0  00000+0 0  9995
2 26559   0.0167  46.3351 0000337  74.0236  44.5814  1.00272560 55717
AMC-6 (GE-6)            
1 26580U 00067A   15353.35096273 -.00000261  00000-0  00000+0 0  9995
2 26580   0.0177 342.3457 0002742 293.6153 226.0195  1.00269780 55558
INTELSAT 12 (IS-12)     
1 26590U 00068A   15355.18507834  .00000133  00000-0  00000+0 0  9997
2 26590   0.0320 282.2361 0003730 342.4154 296.4115  1.00271151 55386
INTELSAT 1R (IS-1R)     
1 26608U 00072A   15354.20967042 -.00000285  00000-0  00000+0 0  9994
2 26608   0.0493 199.6283 0003196 147.5081 126.7988  1.00270829 55238
ANIK F1                 
1 26624U 00076A   15354.05264960 -.00000077  00000-0  00000+0 0  9997
2 26624   0.0117  52.3113 0001513 177.0132 130.6623  1.00270779 55304
ASTRA 2D                
1 26638U 00081A   15354.79429385  .00000063  00000-0  00000+0 0  9997
2 26638   2.6028  72.7232 0002103 203.8416 155.6842  1.00270688 54976
AMC-8 (GE-8)            
1 26639U 00081B   15354.33443078  .00000101  00000-0  00000+0 0  9996
2 26639   0.0302  43.2484 0002319 228.2445 158.5067  1.00273902 54858
TURKSAT 2A              
1 26666U 01002A   15354.63633319  .00000143  00000-0  00000+0 0  9998
2 26666   0.0632  40.2336 0003564 239.7229  80.0089  1.00272119 54747
SKYNET 4F               
1 26695U 01005B   15353.23030463 -.00000250  00000-0  00000+0 0  9999
2 26695   8.2185  40.7303 0002776 223.7074 231.9558  1.00268460 54445
EUTELSAT 33C            
1 26719U 01011A   15354.82341714  .00000152  00000-0  00000+0 0  9993
2 26719   0.0616   1.2957 0005385 256.1172 161.1792  1.00269939 54161
XM-1 (ROLL)             
1 26761U 01018A   15355.06680346 -.00000260  00000-0  00000+0 0  9992
2 26761   0.0332  68.8850 0002899  94.9621 270.5205  1.00270748 53611
INTELSAT 10 (IS-10)     
1 26766U 01019A   15353.92582172  .00000124  00000-0  00000-0 0  9998
2 26766   0.3879  87.1810 0002530 175.0394 206.7801  1.00273166  7210
INTELSAT 901 (IS-901)   
1 26824U 01024A   15352.79678501 -.00000142  00000-0  00000+0 0  9995
2 26824   0.0257 315.8126 0002866 307.3998  92.7086  1.00271005 53168
ASTRA 2C                
1 26853U 01025A   15355.00849162  .00000043  00000-0  00000+0 0  9997
2 26853   0.0450 322.1015 0003010 301.6745 248.8512  1.00272680 53160
ARTEMIS                 
1 26863U 01029A   15353.78882370  .00000104  00000-0  00000+0 0  9991
2 26863  12.0937  38.9433 0007578 248.4940 105.9791  1.00274807 53961
INTELSAT 902 (IS-902)   
1 26900U 01039A   15353.86114481  .00000030  00000-0  00000+0 0  9992
2 26900   0.0229 299.7724 0002762 330.6530 189.7208  1.00273386 52348
EUTELSAT 8 WEST A       
1 26927U 01042A   15353.80877005 -.00000103  00000-0  00000-0 0  9990
2 26927   0.0740  31.7815 0006309 242.2359  92.6350  1.00273090 52081
DIRECTV 4S              
1 26985U 01052A   15355.21771866 -.00000117  00000-0  00000+0 0  9994
2 26985   0.0031  78.5192 0002554 190.8881 157.2504  1.00270816 51587
INSAT-3C                
1 27298U 02002A   15354.89496905 -.00000080  00000-0  00000+0 0  9998
2 27298   0.0706 274.4249 0002993 357.0800 213.8256  1.00271253 50947
ECHOSTAR 7              
1 27378U 02006A   15353.63709939 -.00000002  00000-0  00000-0 0  9991
2 27378   0.0163 339.2238 0001504 266.9615 312.2913  1.00269640 12231
INTELSAT 904 (IS-904)   
1 27380U 02007A   15355.12599703  .00000045  00000-0  00000+0 0  9992
2 27380   0.0137 342.5812 0003518 287.5594 284.5944  1.00272003 50685
TDRS 9                  
1 27389U 02011A   15355.07516230 -.00000101  00000-0  00000+0 0  9998
2 27389   4.1337  87.0184 0020883 215.9792 161.5629  1.00272176 52028
JCSAT-2A                
1 27399U 02015A   15354.53369649 -.00000169  00000-0  00000+0 0  9997
2 27399   0.0256  29.5977 0001692 240.2619 165.0876  1.00269790 50200
ASTRA 3A                
1 27400U 02015B   15353.44510301  .00000068  00000-0  00000+0 0  9999
2 27400   2.7711  71.5220 0001239 198.9279 160.6673  1.00271236 50286
INTELSAT 903 (IS-903)   
1 27403U 02016A   15355.15177081 -.00000242  00000-0  00000+0 0  9992
2 27403   0.0381  44.7369 0003487 242.1983 182.6351  1.00267667 50235
NSS-7                   
1 27414U 02019A   15353.81081888 -.00000157  00000-0  00000+0 0  9992
2 27414   0.7707  86.1271 0002551 185.2576  88.5927  1.00270926 50149
DIRECTV 5 (TEMPO 1)     
1 27426U 02023A   15354.06047133 -.00000058  00000-0  00000+0 0  9993
2 27426   0.0247 296.2497 0003224 337.7632  85.9574  1.00270412 49881
INTELSAT 905 (IS-905)   
1 27438U 02027A   15354.11616238 -.00000187  00000-0  00000+0 0  9997
2 27438   0.0240 302.9632 0002428 293.6261 229.1314  1.00272307 49537
EXPRESS-A4              
1 27441U 02029A   15354.14245690 -.00000121  00000-0  00000+0 0  9994
2 27441   5.1182  60.2330 0005266 173.8951 251.4617  1.00272262 49544
GALAXY 3C (G-3C)        
1 27445U 02030A   15353.02158436 -.00000152  00000-0  00000+0 0  9991
2 27445   0.0110 352.1157 0003491  11.3270 356.5692  1.00273106 49527
EUTELSAT 5 WEST A       
1 27460U 02035A   15353.77927469 -.00000045  00000-0  00000+0 0  9996
2 27460   0.0397 339.7463 0006265 287.5911  96.2598  1.00270424 49324
N-STAR C                
1 27461U 02035B   15353.77625265 -.00000312  00000-0  00000+0 0  9993
2 27461   3.6083  68.0735 0002882 239.6839 195.7358  1.00269142 49243
EUTELSAT 33D            
1 27499U 02038A   15354.66118321  .00000152  00000-0  00000+0 0  9997
2 27499   0.0640 316.9241 0001545  41.1032   1.9781  1.00270935 48808
ECHOSTAR 8              
1 27501U 02039A   15353.35083314 -.00000244  00000-0  00000+0 0  9993
2 27501   0.0384 280.3169 0002817 339.8828 236.8398  1.00271832 48847
EUTELSAT 12 WEST A      
1 27508U 02040A   15352.79242528 -.00000100  00000-0  00000-0 0  9995
2 27508   0.0647   0.3896 0004534 281.3655  78.2036  1.00271910 48754
METEOSAT-8 (MSG-1)      
1 27509U 02040B   15353.17353189  .00000017  00000-0  00000+0 0  9990
2 27509   3.8799  60.4150 0001371 224.5758 228.4892  1.00269517 48819
INTELSAT 906 (IS-906)   
1 27513U 02041A   15355.12381122  .00000010  00000-0  00000+0 0  9994
2 27513   0.0276 298.3596 0003110 331.9807 287.7594  1.00273000 48550
KODAMA (DRTS)           
1 27516U 02042B   15354.85640831 -.00000243  00000-0  00000+0 0  9991
2 27516   4.0460  65.3515 0003027 220.5076 202.2981  1.00270190 48631
KALPANA-1 (METSAT 1)    
1 27525U 02043A   15353.71368733 -.00000085  00000-0  00000+0 0  9998
2 27525   5.4163  59.0352 0015602 216.2757 143.4485  1.00272498 48611
HISPASAT 1D             
1 27528U 02044A   15354.37917043 -.00000219  00000-0  00000+0 0  9998
2 27528   0.0440 242.2283 0005603   3.6719 309.2454  1.00272088 48521
TDRS 10                 
1 27566U 02055A   15353.40938529  .00000078  00000-0  00000+0 0  9999
2 27566   4.0734  60.8915 0011556 208.5979 151.0992  1.00271472 47791
NSS-6                   
1 27603U 02057A   15354.88812988 -.00000273  00000-0  00000+0 0  9994
2 27603   0.0289  75.7238 0003329 185.7183 242.4358  1.00271469 47707
NIMIQ 2                 
1 27632U 02062A   15354.62939657  .00000134  00000-0  00000+0 0  9992
2 27632   0.8745  85.1933 0000597 313.0427 321.7730  1.00274886 47466
INTELSAT 907 (IS-907)   
1 27683U 03007A   15354.82896526 -.00000206  00000-0  00000+0 0  9998
2 27683   0.0261  34.7104 0003035 233.9727  91.2821  1.00270470 46970
INSAT-3A                
1 27714U 03013A   15354.03623447 -.00000261  00000-0  00000+0 0  9994
2 27714   0.0806 271.1002 0001185 250.5536  33.2554  1.00270302 46525
GALAXY 12 (G-12)        
1 27715U 03013B   15354.33216580  .00000056  00000-0  00000+0 0  9995
2 27715   0.0440 180.9771 0002363  76.0364 182.1476  1.00270820 46587
ASIASAT 4               
1 27718U 03014A   15354.88016339 -.00000363  00000-0  00000+0 0  9991
2 27718   0.0132 292.4229 0000430 240.2864 355.4045  1.00268525 46506
HELLAS-SAT 2            
1 27811U 03020A   15355.12947096  .00000148  00000-0  00000+0 0  9993
2 27811   0.0003   0.3312 0003654 270.7128 263.9296  1.00270761 45930
AMC-9 (GE-12)           
1 27820U 03024A   15354.34505856 -.00000219  00000-0  00000+0 0  9994
2 27820   0.0233  39.3586 0002763 228.3497 222.1234  1.00271769 45914
THURAYA-2               
1 27825U 03026A   15354.94771664  .00000126  00000-0  00000+0 0  9995
2 27825   4.4341  26.7457 0005245 233.3783 214.2917  1.00273181 45949
OPTUS C1                
1 27831U 03028B   15353.64800600 -.00000149  00000-0  00000+0 0  9999
2 27831   0.0134 235.5815 0003472  13.4237 228.2162  1.00270949 45897
ECHOSTAR 12 (RAINBOW 1) 
1 27852U 03033A   15354.44602698 -.00000285  00000-0  00000+0 0  9995
2 27852   0.0153  15.8306 0002494 200.0069 332.0916  1.00273135 45560
GALAXY 23 (G-23)        
1 27854U 03034A   15354.64330495  .00000010  00000-0  00000+0 0  9998
2 27854   0.0275  35.7871 0003482 249.4927 274.1972  1.00273579 45204
EUTELSAT 33A            
1 27948U 03043A   15355.05761159  .00000149  00000-0  00000+0 0  9996
2 27948   1.2842  80.3853 0001935 174.8173 245.7060  1.00269842 44919
GALAXY 13 (HORIZONS-1)  
1 27954U 03044A   15355.04054603  .00000044  00000-0  00000+0 0  9996
2 27954   0.0324  50.2908 0002348 219.5205  67.0260  1.00272315 44744
YAMAL 202               
1 28089U 03053A   15355.18233063  .00000116  00000-0  00000+0 0  9990
2 28089   0.0269  60.2891 0002301 190.2046 313.5640  1.00274597 44263
AMOS-2                  
1 28132U 03059A   15354.30532019 -.00000037  00000-0  00000+0 0  9994
2 28132   0.0237 292.5657 0003849 351.6389 270.2994  1.00273077 43967
EXPRESS-AM22 (SESAT 2)  
1 28134U 03060A   15354.75599803 -.00000142  00000-0  00000+0 0  9998
2 28134   0.0290  65.3108 0001108 191.6201 184.3739  1.00278029 43869
AMC-10 (GE-10)          
1 28154U 04003A   15354.45538968  .00000085  00000-0  00000+0 0  9995
2 28154   0.0203 320.6353 0000746 300.2091 216.8265  1.00271564 43510
ABS-4 (MOBISAT-1)       
1 28184U 04007A   15354.80422123  .00000038  00000-0  00000+0 0  9994
2 28184   0.0107 345.3218 0001714 296.9019 157.3395  1.00271617 43160
EUTELSAT 7A             
1 28187U 04008A   15354.11236965  .00000045  00000-0  00000+0 0  9997
2 28187   0.0617 356.0162 0005335 258.2664 241.5493  1.00272243 43156
DIRECTV 7S              
1 28238U 04016A   15354.34406758 -.00000002  00000-0  00000+0 0  9991
2 28238   0.0290  33.6786 0003290 237.2476 182.4780  1.00271497 42652
AMC-11 (GE-11)          
1 28252U 04017A   15354.33216580  .00000066  00000-0  00000+0 0  9998
2 28252   0.0185 349.3015 0002077 283.3869 164.4917  1.00272811 42274
INTELSAT 10-02          
1 28358U 04022A   15353.22667084 -.00000013  00000-0  00000+0 0  9990
2 28358   0.0110  22.4938 0001665 191.4440 314.1900  1.00268609 42195
APSTAR 5 (TELSTAR 18)   
1 28364U 04024A   15353.84495946 -.00000296  00000-0  00000-0 0  9997
2 28364   0.0298 289.0741 0002656 333.0605 268.1617  1.00273562 42186
ANIK F2                 
1 28378U 04027A   15353.50476638 -.00000051  00000-0  00000+0 0  9993
2 28378   0.0200   5.2366 0000492 207.4653 305.7252  1.00271209 41928
AMAZONAS 1              
1 28393U 04031A   15354.28025491 -.00000289  00000-0  00000+0 0  9991
2 28393   0.6278  86.2013 0002087 169.7745 238.0601  1.00273010 41702
AMC-15                  
1 28446U 04041A   15354.45839567 -.00000092  00000-0  00000+0 0  9999
2 28446   0.0212 334.3130 0002312 284.4112 249.9744  1.00270946 40965
AMC-16                  
1 28472U 04048A   15353.42838044 -.00000208  00000-0  00000+0 0  9999
2 28472   0.0193  14.3507 0002690 239.9089 262.6841  1.00273589 40384
NSS-10 (AMC-12)         
1 28526U 05003A   15355.15403693 -.00000254  00000-0  00000+0 0  9992
2 28526   0.0206 340.4177 0003049 288.4804 198.5573  1.00271336 39901
XTAR-EUR                
1 28542U 05005A   15354.67233567  .00000148  00000-0  00000+0 0  9990
2 28542   0.0670 273.6574 0002524 350.4040  95.9157  1.00270746 39767
HIMAWARI-6 (MTSAT-1R)   
1 28622U 05006A   15353.68157775  .00000000  00000-0  00000-0 0  9994
2 28622   0.6525  83.9597 0019541 198.3827 139.1853  0.98910297  6101
XM-3 (RHYTHM)           
1 28626U 05008A   15354.45823032 -.00000208  00000-0  00000+0 0  9992
2 28626   0.0199 176.3260 0000233  11.9964 340.2509  1.00269883 39640
INMARSAT 4-F1           
1 28628U 05009A   15353.36966389 -.00000263  00000-0  00000+0 0  9998
2 28628   2.8016   4.3523 0003484 266.1930  93.6739  1.00272428 39250
EXPRESS-AM2             
1 28629U 05010A   15353.98081536 -.00000139  00000-0  00000+0 0  9993
2 28629   1.2258  81.4225 0000581 228.8529 211.1248  1.00271043 39288
APSTAR 6                
1 28638U 05012A   15353.96372690 -.00000321  00000-0  00000+0 0  9990
2 28638   0.0204  44.3261 0002101 241.4343 283.3893  1.00269108 63989
SPACEWAY 1              
1 28644U 05015A   15355.03379623 -.00000106  00000-0  00000+0 0  9994
2 28644   0.0438 181.8923 0000452  13.2102 163.4289  1.00270260 39107
DIRECTV 8               
1 28659U 05019A   15355.03211074 -.00000119  00000-0  00000+0 0  9993
2 28659   0.0358 332.4730 0002290 305.1910  82.3100  1.00273747 38772
GALAXY 28 (G-28)        
1 28702U 05022A   15353.25892463 -.00000186  00000-0  00000+0 0  9999
2 28702   0.0224  11.3490 0001095 182.6337 257.7285  1.00270412 38398
EXPRESS-AM3             
1 28707U 05023A   15354.99756803 -.00000325  00000-0  00000+0 0  9999
2 28707   0.0155 220.5234 0000560 101.9894 228.8674  1.00269497 38431
THAICOM 4               
1 28786U 05028A   15353.65293150 -.00000364  00000-0  00000+0 0  9997
2 28786   0.0187   2.5480 0002598 261.4826 178.4441  1.00270536 37914
GALAXY 14 (G-14)        
1 28790U 05030A   15354.34389225  .00000034  00000-0  00000+0 0  9994
2 28790   0.0195  28.0832 0002710 230.3061 189.0233  1.00272225 37884
ANIK F1R                
1 28868U 05036A   15353.62860640 -.00000076  00000-0  00000+0 0  9998
2 28868   0.0264  47.2148 0001676 263.5875 256.0962  1.00270980 37724
GALAXY 15 (G-15)        
1 28884U 05041A   15354.34367118  .00000076  00000-0  00000+0 0  9993
2 28884   0.0122 351.3189 0002183 300.1711 147.8509  1.00272887 37193
SYRACUSE 3A             
1 28885U 05041B   15355.18053558  .00000125  00000-0  00000+0 0  9992
2 28885   0.0130  77.5036 0004052 186.7047 297.2161  1.00270037 37311
INMARSAT 4-F2           
1 28899U 05044A   15354.58779907  .00000007  00000-0  00000+0 0  9995
2 28899   2.4704   4.5099 0002946 266.0195  93.8228  1.00272550 37084
TELKOM 2                
1 28902U 05046A   15353.65286422 -.00000365  00000-0  00000+0 0  9992
2 28902   0.0138 294.3724 0001449 329.5874 177.0029  1.00270189 36814
SPACEWAY 2              
1 28903U 05046B   15354.45969870 -.00000129  00000-0  00000+0 0  9995
2 28903   0.0222 171.9220 0000581 346.0557 357.1697  1.00266609 37071
INSAT-4A                
1 28911U 05049A   15353.52534530 -.00000167  00000-0  00000-0 0  9998
2 28911   0.1015  95.7877 0007698 170.9504  93.1817  1.00271135  7296
METEOSAT-9 (MSG-2)      
1 28912U 05049B   15355.18999407  .00000058  00000-0  00000+0 0  9998
2 28912   1.1627  64.8172 0001787 253.7032 208.5577  1.00275031 36668
EUTELSAT 172A (GE-23)   
1 28924U 05052A   15354.41200566 -.00000009  00000-0  00000+0 0  9998
2 28924   0.0614 356.0524 0007011 272.8979 140.0594  1.00272490 36564
ECHOSTAR 10             
1 28935U 06003A   15353.56361478 -.00000057  00000-0  00000-0 0  9996
2 28935   0.0173 345.4748 0001719 266.9971 288.0620  1.00271730 36065
HIMAWARI-7 (MTSAT-2)    
1 28937U 06004A   15354.86861434 -.00000247  00000-0  00000+0 0  9990
2 28937   0.0509  99.2232 0003471 169.1883 278.4088  1.00268848 35937
SPAINSAT                
1 28945U 06007A   15353.83842901 -.00000218  00000-0  00000+0 0  9994
2 28945   0.0388 313.1786 0005223 327.7917  78.9785  1.00273317 35800
EUTELSAT 9A             
1 28946U 06007B   15353.73030443  .00000060  00000-0  00000-0 0  9999
2 28946   0.0687  77.6775 0006913 193.6403  88.6106  1.00273948 35850
JCSAT-5A                
1 29045U 06010A   15353.71134994 -.00000330  00000-0  00000+0 0  9998
2 29045   0.0097 358.0369 0002066 270.1836 207.9070  1.00271141 35519
ASTRA 1KR               
1 29055U 06012A   15349.09376328  .00000125  00000-0  00000+0 0  9997
2 29055   0.0539 326.6233 0005043 315.0830 214.6851  1.00273223 35271
GOES 13                 
1 29155U 06018A   15353.96278233 -.00000253  00000-0  00000+0 0  9994
2 29155   0.2231  99.0497 0001285 326.2010 294.7698  1.00278518 35094
EUTELSAT 113 WEST A     
1 29162U 06020A   15354.06843223 -.00000040  00000-0  00000+0 0  9998
2 29162   0.0361 106.9503 0003052 168.7508  84.2712  1.00272007 35046
THAICOM 5               
1 29163U 06020B   15353.96407147 -.00000124  00000-0  00000-0 0  9992
2 29163   0.0406 290.1957 0007336 350.1351 233.4916  1.00271572 35071
GALAXY 16 (G-16)        
1 29236U 06023A   15354.45969870 -.00000130  00000-0  00000+0 0  9993
2 29236   0.0248 245.7462 0002822  17.9379 251.5380  1.00270901 34841
EUTELSAT HOT BIRD 13B   
1 29270U 06032A   15355.00760554  .00000083  00000-0  00000+0 0  9997
2 29270   0.0694  24.4320 0005339 267.7988 172.7663  1.00273094 34446
JCSAT-3A                
1 29272U 06033A   15354.97704076 -.00000348  00000-0  00000+0 0  9997
2 29272   0.0264 302.6095 0001828 307.9962 318.3708  1.00272116 34340
SYRACUSE 3B             
1 29273U 06033B   15354.30532019 -.00000047  00000-0  00000+0 0  9997
2 29273   0.0278  62.8284 0005976 206.9378 283.5137  1.00270942 34320
KOREASAT 5 (MUGUNGWHA 5)
1 29349U 06034A   15353.81646150 -.00000360  00000-0  00000+0 0  9997
2 29349   0.0106   0.1986 0001050 236.9747 257.8978  1.00272189 34210
ZHONGXING-22A           
1 29398U 06038A   15354.98176242 -.00000323  00000-0  00000+0 0  9993
2 29398   4.8331  61.3284 0007110 191.3148 291.5568  1.00271431 33991
DIRECTV 9S              
1 29494U 06043A   15354.45954672 -.00000117  00000-0  00000+0 0  9990
2 29494   0.0188 352.4437 0003673 273.2945 247.3206  1.00269825 33683
OPTUS D1                
1 29495U 06043B   15354.66128558 -.00000114  00000-0  00000+0 0  9997
2 29495   0.0204 340.7696 0003386 279.9545 226.2648  1.00271417 33721
XM-4 (BLUES)            
1 29520U 06049A   15355.06615586 -.00000027  00000-0  00000+0 0  9992
2 29520   0.0235 169.2628 0000354 100.1139  88.5362  1.00271894 33573
BADR-4                  
1 29526U 06051A   15354.14339453  .00000142  00000-0  00000+0 0  9992
2 29526   0.0549 322.2565 0005831 317.6158 246.1658  1.00268764 33469
FENGYUN 2D              
1 29640U 06053A   15354.98238201 -.00000365  00000-0  10000-3 0  9995
2 29640   3.4411  67.2183 0001449 334.7467 164.5218  1.00265599 33140
WILDBLUE-1              
1 29643U 06054A   15354.27426740 -.00000052  00000-0  00000+0 0  9996
2 29643   0.0152 299.2675 0001965 318.2593 178.5792  1.00271817 33121
AMC-18                  
1 29644U 06054B   15353.44658285 -.00000091  00000-0  00000+0 0  9999
2 29644   0.0212 332.1728 0002647 307.0992 224.2918  1.00272585 33124
MEASAT-3                
1 29648U 06056A   15354.81984617 -.00000245  00000-0  00000+0 0  9999
2 29648   0.0476 190.7490 0003196  56.6235 228.3640  1.00269199 33147
KIKU-8 (ETS-VIII)       
1 29656U 06059A   15353.52444815 -.00000243  00000-0  00000+0 0  9997
2 29656   4.5730  62.5675 0004920 220.4004 139.3486  1.00273073 33011
INSAT-4B                
1 30793U 07007A   15354.81488435 -.00000261  00000-0  00000+0 0  9994
2 30793   0.1117  90.3046 0008890 178.6747 206.9471  1.00271983 32163
SKYNET 5A               
1 30794U 07007B   15354.88812875 -.00000275  00000-0  00000+0 0  9996
2 30794   0.0666   0.0173 0003337 268.2734 235.7568  1.00273101 32233
ANIK F3                 
1 31102U 07009A   15354.34407520 -.00000004  00000-0  00000+0 0  9990
2 31102   0.0170  23.7842 0002110 250.4775 179.4973  1.00271196 31918
ASTRA 1L                
1 31306U 07016A   15349.09376328  .00000126  00000-0  00000+0 0  9995
2 31306   0.0307 279.9672 0003553 274.0514 302.3461  1.00281218 31563
GALAXY 17 (G-17)        
1 31307U 07016B   15354.26908859 -.00000177  00000-0  00000+0 0  9998
2 31307   0.0223 338.2111 0005732 256.6135 219.6182  1.00270712 31651
ZHONGXING-6B            
1 31800U 07031A   15353.55980770 -.00000363  00000-0  00000+0 0  9993
2 31800   0.0096  17.5106 0004244 241.2486 146.1559  1.00270512 31047
DIRECTV 10              
1 31862U 07032A   15355.03380069 -.00000106  00000-0  00000+0 0  9997
2 31862   0.0430 185.7202 0000491  32.4850 140.3947  1.00270096 30983
SPACEWAY 3              
1 32018U 07036A   15354.34473841 -.00000152  00000-0  00000+0 0  9990
2 32018   0.0228 173.3022 0000734 263.6695  40.7941  1.00254221 30709
BSAT-3A                 
1 32019U 07036B   15354.44829566 -.00000353  00000-0  00000+0 0  9994
2 32019   0.0239 220.3222 0004709  27.3384 112.2955  1.00272961 30647
INSAT-4CR               
1 32050U 07037A   15354.89496935 -.00000081  00000-0  00000+0 0  9997
2 32050   0.0398 267.2962 0008624 358.5027 219.5432  1.00271248 30437
OPTUS D2                
1 32252U 07044A   15354.84845061 -.00000186  00000-0  00000+0 0  9998
2 32252   0.0192 352.6068 0003054 273.3625 280.5890  1.00272767 30027
INTELSAT 11 (IS-11)     
1 32253U 07044B   15354.38645179 -.00000271  00000-0  00000+0 0  9991
2 32253   0.0343 261.6545 0003156   1.8227 281.2954  1.00272187 30104
STAR ONE C1             
1 32293U 07056A   15353.93570888 -.00000279  00000-0  00000+0 0  9990
2 32293   0.0225  22.8367 0002309 250.7048  86.4321  1.00268896 29687
SKYNET 5B               
1 32294U 07056B   15352.80515686  .00000141  00000-0  00000+0 0  9998
2 32294   0.0653 352.3281 0003943 272.0660 137.6304  1.00272878 29776
ASTRA 4A (SIRIUS 4)     
1 32299U 07057A   15353.87433841  .00000030  00000-0  00000+0 0  9991
2 32299   0.0182   5.5071 0002894 249.1919 153.0279  1.00271913 29534
HORIZONS-2              
1 32388U 07063B   15354.67438671 -.00000186  00000-0  00000+0 0  9995
2 32388   0.0090 347.5314 0003102 278.3966 150.6340  1.00271700 29467
THURAYA-3               
1 32404U 08001A   15355.04498223 -.00000307  00000-0  00000+0 0  9993
2 32404   4.2994 348.6647 0005352 271.1188 304.3570  1.00271097 29116
EXPRESS-AM33            
1 32478U 08003A   15354.87266310 -.00000284  00000-0  00000+0 0  9990
2 32478   0.0402 202.1476 0000616 221.6192  76.0149  1.00270605 29201
THOR 5                  
1 32487U 08006A   15354.18798262 -.00000012  00000-0  00000+0 0  9992
2 32487   0.0380 249.5729 0002870  24.9978 240.8071  1.00271638 28753
KIZUNA (WINDS)          
1 32500U 08007A   15353.71452473 -.00000260  00000-0  00000+0 0  9993
2 32500   0.0610 272.3390 0002280  14.0675 201.8132  1.00274973 28606
AMC-14                  
1 32708U 08011A   15344.12301463  .00000144  00000-0  00000+0 0  9995
2 32708  18.0777  71.5668 0043816 355.8644  84.8384  1.00270970 29576
DIRECTV 11              
1 32729U 08013A   15354.45969870 -.00000130  00000-0  00000+0 0  9995
2 32729   0.0132 230.7072 0000542 343.8933 300.4338  1.00276428 28513
ICO G1                  
1 32763U 08016A   15354.34479176 -.00000176  00000-0  00000+0 0  9999
2 32763   4.0675 348.9567 0003437 284.2562 206.6830  1.00271842 28047
VINASAT-1               
1 32767U 08018A   15354.38750617 -.00000332  00000-0  00000+0 0  9995
2 32767   0.0301   0.0262 0001776 276.3436  83.6100  1.00269653 28182
STAR ONE C2             
1 32768U 08018B   15353.94956989 -.00000267  00000-0  00000+0 0  9994
2 32768   0.0111 223.6837 0001617  25.3880 110.9110  1.00270524 28120
TIANLIAN 1-01           
1 32779U 08019A   15353.84432486 -.00000140  00000-0  10000-3 0  9992
2 32779   1.7010  78.5969 0037869 215.7667 177.7063  1.00273573 28043
AMOS-3                  
1 32794U 08022A   15354.07729536 -.00000037  00000-0  00000+0 0  9994
2 32794   0.0109  45.3113 0001217 210.7002 216.1406  1.00272148 28024
GALAXY 18 (G-18)        
1 32951U 08024A   15354.09599000  .00000022  00000-0  00000+0 0  9997
2 32951   0.0268 320.1853 0002827 308.9868  90.7955  1.00270877 27669
CHINASAT 9 (ZX 9)       
1 33051U 08028A   15354.92544348 -.00000251  00000-0  00000+0 0  9995
2 33051   0.0137 308.9092 0003831 322.8797 242.7383  1.00270355 27594
SKYNET 5C               
1 33055U 08030A   15354.82415730 -.00000143  00000-0  00000+0 0  9993
2 33055   0.0627   9.1799 0004521 248.6011 110.1718  1.00270990 27480
TURKSAT 3A              
1 33056U 08030B   15355.11541699  .00000142  00000-0  00000+0 0  9999
2 33056   0.0607 138.5740 0004228 110.6124 283.7115  1.00272478 27660
INTELSAT 25 (IS-25)     
1 33153U 08034A   15355.14961487 -.00000228  00000-0  00000+0 0  9991
2 33153   0.0230 310.7287 0002537 296.2469 224.8005  1.00272306 27220
BADR-6                  
1 33154U 08034B   15353.93160803  .00000142  00000-0  00000-0 0  9995
2 33154   0.0661  38.1330 0002697 269.1553 142.2805  1.00272401 13030
ECHOSTAR 11             
1 33207U 08035A   15354.06005608 -.00000059  00000-0  00000+0 0  9998
2 33207   0.0289  21.9206 0003239 271.1711  66.8741  1.00269870 27232
SUPERBIRD-C2            
1 33274U 08038A   15353.77640282 -.00000253  00000-0  00000+0 0  9991
2 33274   0.0123  36.5940 0001458 225.0632 249.8636  1.00270380 26953
AMC-21                  
1 33275U 08038B   15354.92839439  .00000032  00000-0  00000+0 0  9998
2 33275   0.0192  21.4932 0002699 243.9192  33.0943  1.00271574 27043
INMARSAT 4-F3           
1 33278U 08039A   15355.09160796 -.00000144  00000-0  00000+0 0  9999
2 33278   3.0197 356.1037 0003028 264.4443 123.7997  1.00270974 26859
NIMIQ 4                 
1 33373U 08044A   15354.38749862 -.00000223  00000-0  00000+0 0  9997
2 33373   0.0250  67.3445 0002421 220.5155 218.2987  1.00271816 26412
GALAXY 19 (G-19)        
1 33376U 08045A   15355.22490485 -.00000143  00000-0  00000+0 0  9990
2 33376   0.0284 287.8215 0002887 342.1068 163.5103  1.00271770 26417
VENESAT-1               
1 33414U 08055A   15354.51030935 -.00000241  00000-0  00000+0 0  9994
2 33414   0.0150 141.4612 0003128 138.9313 274.0910  1.00271499 26132
ASTRA 1M                
1 33436U 08057A   15354.68471638  .00000117  00000-0  00000+0 0  9998
2 33436   0.0408  72.8600 0002496 141.7302 140.0381  1.00273054 26057
CIEL-2                  
1 33453U 08063A   15353.34942289  .00000056  00000-0  00000+0 0  9993
2 33453   0.0140  11.7160 0003064 260.8331 172.0351  1.00272659 25735
EUTELSAT HOT BIRD 13C   
1 33459U 08065A   15354.14309723  .00000084  00000-0  00000+0 0  9991
2 33459   0.0825  64.0687 0002579 221.1476 227.7026  1.00272776 25823
EUTELSAT 48D            
1 33460U 08065B   15354.80288770  .00000120  00000-0  00000+0 0  9995
2 33460   0.0738  48.9486 0003010 216.6940 160.5719  1.00273370 25691
FENGYUN 2E              
1 33463U 08066A   15354.99875375 -.00000201  00000-0  00000+0 0  9993
2 33463   2.9348  59.2715 0003953 203.8718 271.8704  1.00263219 25678
EXPRESS-AM44            
1 33595U 09007A   15354.14253314 -.00000091  00000-0  00000+0 0  9992
2 33595   0.0206 232.8862 0000540 110.0492 145.7874  1.00271359 25137
NSS-9                   
1 33749U 09008A   15354.65503887  .00000068  00000-0  00000+0 0  9996
2 33749   0.0194 336.3495 0002226 280.8875 250.5586  1.00270563 25142
EUTELSAT HOT BIRD 13D   
1 33750U 09008B   15355.00760554  .00000083  00000-0  00000+0 0  9991
2 33750   0.0335  36.9523 0005625 232.8013 195.2471  1.00272626 25187
TELSTAR 11N             
1 34111U 09009A   15354.14187756 -.00000254  00000-0  00000+0 0  9996
2 34111   0.0233   1.8448 0003514 241.8816 218.2168  1.00269778 24990
EUTELSAT 10A            
1 34710U 09016A   15354.14302862  .00000065  00000-0  00000+0 0  9995
2 34710   0.0617 357.7993 0005716 282.4863 229.6139  1.00270591 24548
SES-7 (PROTOSTAR 2)     
1 34941U 09027A   15354.88038992 -.00000349  00000-0  00000+0 0  9990
2 34941   0.0500  68.8289 0002793 197.8913 247.6189  1.00271132 24200
MEASAT-3A               
1 35362U 09032A   15354.49925538 -.00000244  00000-0  00000+0 0  9996
2 35362   0.0220 104.8301 0002021 113.0162 142.1395  1.00270891 23829
GOES 14                 
1 35491U 09033A   15354.04514221 -.00000094  00000-0  00000+0 0  9997
2 35491   0.1362 267.3861 0005796 319.5446 133.0280  1.00271216 23730
SIRIUS FM-5             
1 35493U 09034A   15354.26954859 -.00000148  00000-0  00000+0 0  9999
2 35493   0.0277 304.0042 0000210 135.4553  10.1095  1.00272132 23553
TERRESTAR-1             
1 35496U 09035A   15352.99758507 -.00000058  00000-0  00000+0 0  9993
2 35496   3.3600 335.3756 0003299 294.4708  65.5612  1.00272086 23725
ASIASAT 5               
1 35696U 09042A   15354.98191280 -.00000311  00000-0  00000+0 0  9995
2 35696   0.0028 358.9904 0001635 240.5948 303.6329  1.00272952 23252
JCSAT-RA (JCSAT-12)     
1 35755U 09044A   15354.39831526 -.00000348  00000-0  00000+0 0  9992
2 35755   0.0446  27.6708 0001088 210.3815 121.9435  1.00272274 23249
OPTUS D3                
1 35756U 09044B   15353.64800600 -.00000149  00000-0  00000+0 0  9998
2 35756   0.0449  24.0951 0003539 257.6853 195.4592  1.00271567 23203
PALAPA D                
1 35812U 09046A   15353.44248648 -.00000360  00000-0  00000+0 0  9994
2 35812   0.0304  61.3795 0001993 226.0313  72.5758  1.00271985 23246
NIMIQ 5                 
1 35873U 09050A   15354.27451293 -.00000260  00000-0  00000+0 0  9999
2 35873   0.0106  42.9542 0002107 219.2932 212.4068  1.00271644 22933
AMAZONAS 2              
1 35942U 09054A   15352.42433899 -.00000283  00000-0  00000+0 0  9992
2 35942   0.0394 159.8206 0003030  46.5658 332.0702  1.00266712 22761
COMSATBW-1              
1 35943U 09054B   15355.12381122  .00000021  00000-0  00000+0 0  9993
2 35943   0.0420  41.8956 0002868 226.1089 288.9380  1.00268830 22849
NSS-12                  
1 36032U 09058A   15354.59477371  .00000068  00000-0  00000+0 0  9990
2 36032   0.0179  29.3219 0002789 246.1683  84.4838  1.00272600 22530
THOR 6                  
1 36033U 09058B   15353.10538492 -.00000011  00000-0  00000+0 0  9998
2 36033   0.0429 156.6341 0001807 105.6660 222.1878  1.00271192 22522
INTELSAT 14 (IS-14)     
1 36097U 09064A   15353.88030238 -.00000276  00000-0  00000+0 0  9998
2 36097   0.0254  23.3243 0002591 255.8220  80.8244  1.00269743 22288
EUTELSAT 36B            
1 36101U 09065A   15354.96925958  .00000152  00000-0  00000+0 0  9999
2 36101   0.0611 357.9166 0004586 274.1171 202.0247  1.00269772 22391
INTELSAT 15 (IS-15)     
1 36106U 09067A   15353.84446970 -.00000188  00000-0  00000-0 0  9995
2 36106   0.0244 309.7612 0003185 329.6696 197.8477  1.00271586  2885
DIRECTV 12              
1 36131U 09075A   15355.17238314 -.00000106  00000-0  00000+0 0  9990
2 36131   0.0347 191.6206 0001094 111.6665 105.3824  1.00262687 21979
BEIDOU G1               
1 36287U 10001A   15354.55522236 -.00000287  00000-0  10000-3 0  9998
2 36287   1.5639   6.7508 0004760 222.2847 199.7405  1.00272023 21759
RADUGA-1M 2             
1 36358U 10002A   15354.03638494 -.00000187  00000-0  00000+0 0  9999
2 36358   0.0131   0.5659 0003562 299.9471 245.9045  1.00272227 21582
SDO                     
1 36395U 10005A   15354.45954672 -.00000030  00000-0  00000+0 0  9995
2 36395  28.2555 150.3059 0002245 157.8924 204.3768  1.00270783 21615
INTELSAT 16 (IS-16)     
1 36397U 10006A   15354.25641649 -.00000248  00000-0  00000+0 0  9994
2 36397   0.0236  81.2644 0001705 186.2672 197.1063  1.00272332 21315
GOES 15                 
1 36411U 10008A   15354.12957075  .00000085  00000-0  00000+0 0  9990
2 36411   0.1760 262.1213 0002795   6.2325  91.6213  1.00281049 21267
ECHOSTAR 14             
1 36499U 10010A   15354.34406758 -.00000002  00000-0  00000+0 0  9990
2 36499   0.0113 304.6282 0002738 307.0698 201.8860  1.00266963 21119
SES-1                   
1 36516U 10016A   15354.58666060 -.00000118  00000-0  00000+0 0  9994
2 36516   0.0178  21.8740 0002201 226.8301 310.3477  1.00270736 20719
ASTRA 3B                
1 36581U 10021A   15354.88700036  .00000133  00000-0  00000+0 0  9993
2 36581   0.0524  12.9129 0002650 259.8409 159.2019  1.00273004 20242
COMSATBW-2              
1 36582U 10021B   15355.13071602  .00000084  00000-0  00000+0 0  9998
2 36582   0.0232 315.2511 0003024 326.3562 227.9986  1.00271119 20576
BEIDOU G3               
1 36590U 10024A   15354.98906458 -.00000360  00000-0  00000+0 0  9996
2 36590   1.4262  26.9576 0003851 277.6915 251.2027  1.00275031 20368
BADR-5                  
1 36592U 10025A   15353.93160803  .00000142  00000-0  00000-0 0  9997
2 36592   0.0184  44.2445 0003856 192.2131 213.1046  1.00271996 14797
COMS 1                  
1 36744U 10032A   15354.97704076 -.00000348  00000-0  00000+0 0  9993
2 36744   0.0444 154.6510 0001423 152.4259 262.1034  1.00270883 20232
ARABSAT-5A              
1 36745U 10032B   15354.18164834  .00000151  00000-0  00000+0 0  9990
2 36745   0.0522 355.9602 0003104 279.0537 269.3224  1.00270242 20207
ECHOSTAR 15             
1 36792U 10034A   15354.09539144 -.00000284  00000-0  00000+0 0  9992
2 36792   0.0246  21.7868 0002154 238.9368 160.3421  1.00272279 19977
BEIDOU IGSO 1           
1 36828U 10036A   15354.90887653 -.00000067  00000-0  10000-3 0  9999
2 36828  54.2609 198.8898 0041444 213.5957 123.0393  1.00290114 19790
NILESAT 201             
1 36830U 10037A   15355.10684977 -.00000062  00000-0  00000+0 0  9990
2 36830   0.0255 175.1677 0003827  88.2174 217.4098  1.00270158 19878
RASCOM-QAF 1R           
1 36831U 10037B   15351.75260562  .00000019  00000-0  00000+0 0  9999
2 36831   0.0251   3.9947 0004575 270.5922  85.3608  1.00269261 19840
CHINASAT 6A (ZX 6A)     
1 37150U 10042A   15354.97719574 -.00000358  00000-0  00000+0 0  9996
2 37150   0.0324 235.9486 0001302 326.4431   3.6902  1.00269582 19488
XM-5                    
1 37185U 10053A   15355.05091091 -.00000209  00000-0  00000+0 0  9998
2 37185   0.0168 316.4651 0000769 253.9764 171.9907  1.00274178 19032
BSAT-3B                 
1 37207U 10056B   15354.48625727 -.00000354  00000-0  00000+0 0  9992
2 37207   0.0568 325.9933 0004804 329.7606  77.9126  1.00273171 18860
BEIDOU G4               
1 37210U 10057A   15354.66128558 -.00000116  00000-0  00000+0 0  9993
2 37210   0.8288  44.2263 0008953 182.4582 260.2160  1.00273114 18866
SKYTERRA 1              
1 37218U 10061A   15353.94161114 -.00000121  00000-0  00000+0 0  9997
2 37218   3.8917 325.8271 0003964 211.9560 148.1088  1.00271796 18805
ZHONGXING-20A           
1 37234U 10064A   15353.82335155 -.00000339  00000-0  00000+0 0  9994
2 37234   0.0255 235.3540 0003748  72.3285 206.8765  1.00273426 18608
HYLAS 1                 
1 37237U 10065A   15355.15177081 -.00000237  00000-0  00000+0 0  9995
2 37237   0.0270 329.6368 0002545 309.8218 191.1204  1.00271127 18599
INTELSAT 17 (IS-17)     
1 37238U 10065B   15354.83411340 -.00000005  00000-0  00000+0 0  9992
2 37238   0.0160 307.3286 0002893 321.3864 186.6549  1.00272062 18503
BEIDOU IGSO 2           
1 37256U 10068A   15354.52820861 -.00000239  00000-0  10000-3 0  9997
2 37256  53.7950 317.5880 0042399 208.5970 230.3714  1.00296730 18382
EUTELSAT KA-SAT 9A      
1 37258U 10069A   15353.15055141  .00000060  00000-0  00000+0 0  9995
2 37258   0.0462 294.0836 0001339 145.6074  70.9552  1.00271267 18388
HISPASAT 1E             
1 37264U 10070A   15354.37917043 -.00000219  00000-0  00000+0 0  9994
2 37264   0.0587 111.5865 0003498 122.9437 320.6208  1.00270651 18241
KOREASAT 6              
1 37265U 10070B   15353.72147560 -.00000364  00000-0  00000+0 0  9993
2 37265   0.0175  49.6390 0002181 216.8009 197.2944  1.00271422 18269
ELEKTRO-L 1 (GOMS 2)    
1 37344U 11001A   15354.55384477 -.00000102  00000-0  00000+0 0  9998
2 37344   1.3492  80.0011 0002994  98.1994 186.1403  1.00271180 18042
BEIDOU IGSO 3           
1 37384U 11013A   15353.91839109 -.00000206  00000-0  10000-3 0  9991
2 37384  57.1592  78.6699 0025559 198.6440 261.2208  1.00261192 17257
INTELSAT NEW DAWN       
1 37392U 11016A   15352.15175652  .00000156  00000-0  00000+0 0  9992
2 37392   0.0167 308.9469 0000958 284.0335 300.9217  1.00271141 17092
YAHSAT 1A               
1 37393U 11016B   15355.18355117  .00000097  00000-0  00000+0 0  9999
2 37393   0.0226 357.1685 0003301 277.6227 293.2265  1.00272368 17165
TELSTAR 14R             
1 37602U 11021A   15352.03245872 -.00000279  00000-0  00000-0 0  9999
2 37602   0.0116 334.2752 0002127 278.1731 142.5813  1.00270874 17343
GSAT-8                  
1 37605U 11022A   15354.68725627  .00000081  00000-0  00000+0 0  9996
2 37605   0.0794  91.2687 0008651 173.2612 126.9208  1.00272889 16820
ST-2                    
1 37606U 11022B   15353.97634273 -.00000214  00000-0  00000+0 0  9993
2 37606   0.0178  63.5492 0002128 207.0881 257.1097  1.00270635 16820
CHINASAT 10 (ZX 10)     
1 37677U 11026A   15354.98906458 -.00000356  00000-0  00000+0 0  9991
2 37677   0.0424  74.4706 0004024 162.2243 319.1176  1.00269078 16558
TIANLIAN 1-02           
1 37737U 11032A   15355.18940758 -.00000052  00000-0  00000+0 0  9992
2 37737   1.4863  79.7908 0033945 191.4022  53.5106  1.00274153 16307
GSAT-12                 
1 37746U 11034A   15354.09898949 -.00000166  00000-0  00000+0 0  9993
2 37746   0.0867 269.5270 0003655 239.6265  57.8055  1.00269843 16542
SES-3                   
1 37748U 11035A   15355.22304064 -.00000106  00000-0  00000+0 0  9996
2 37748   0.0170 328.5594 0002796 293.5521 164.6497  1.00271450 16280
KAZSAT-2                
1 37749U 11035B   15354.67273162 -.00000201  00000-0  00000+0 0  9995
2 37749   0.0029 137.0588 0000995 190.0642  90.5219  1.00271591 16155
BEIDOU IGSO 4           
1 37763U 11038A   15354.89843948 -.00000015  00000-0  10000-3 0  9991
2 37763  54.5719 201.1643 0034556 200.3169 107.1911  1.00275159 16221
ASTRA 1N                
1 37775U 11041A   15354.11847734  .00000117  00000-0  00000+0 0  9997
2 37775   0.0687  28.1049 0001793 300.2436 181.8891  1.00272835 15970
BSAT-3C (JCSAT-110R)    
1 37776U 11041B   15354.86231248 -.00000354  00000-0  00000+0 0  9991
2 37776   0.0175  32.9899 0000495 331.5341 145.0087  1.00272621 16129
PAKSAT-1R               
1 37779U 11042A   15354.76913692  .00000150  00000-0  00000+0 0  9997
2 37779   0.0391 107.5694 0002642 147.5809 148.7747  1.00274338 15864
CHINASAT 1A (ZX 1A)     
1 37804U 11047A   15353.82335155 -.00000340  00000-0  00000+0 0  9991
2 37804   0.0487 116.5562 0003180 188.0422 209.7760  1.00271743 15659
COSMOS 2473             
1 37806U 11048A   15353.53404903 -.00000137  00000-0  00000+0 0  9994
2 37806   0.0506  58.1841 0001784 255.9830  45.8265  1.00272022 15648
SES-2                   
1 37809U 11049A   15354.34495184 -.00000199  00000-0  00000+0 0  9997
2 37809   0.0185 330.6051 0002564 297.7395 217.4557  1.00271499 15594
ARABSAT-5C              
1 37810U 11049B   15355.18739459  .00000119  00000-0  00000+0 0  9999
2 37810   0.0632   6.0930 0003475 235.2601 295.5432  1.00273555 15518
EUTELSAT 7 WEST A       
1 37816U 11051A   15354.14261698 -.00000063  00000-0  00000+0 0  9997
2 37816   0.0589   3.5107 0004156 261.0762 227.8455  1.00271202 15548
QUETZSAT 1              
1 37826U 11054A   15354.51030935 -.00000245  00000-0  00000+0 0  9992
2 37826   0.0263 317.2739 0003108 317.1303 281.0820  1.00271924 15677
INTELSAT 18 (IS-18)     
1 37834U 11056A   15355.18848008  .00000049  00000-0  00000+0 0  9996
2 37834   0.0351  48.6146 0002503 244.5511  44.1004  1.00273659 15436
EUTELSAT 16A            
1 37836U 11057A   15354.14316584  .00000101  00000-0  00000+0 0  9992
2 37836   0.0627   5.9486 0005273 270.2211 239.7729  1.00272646 15360
VIASAT-1                
1 37843U 11059A   15353.32417123 -.00000025  00000-0  00000+0 0  9998
2 37843   0.0225 353.7745 0002755 263.7628 191.6621  1.00270071 15845
ASIASAT 7               
1 37933U 11069A   15355.04481846 -.00000337  00000-0  00000+0 0  9999
2 37933   0.0174 356.2642 0002292 237.2167 337.4561  1.00269673 15054
BEIDOU IGSO 5           
1 37948U 11073A   15354.97771701 -.00000171  00000-0  10000-3 0  9994
2 37948  53.8840 317.0361 0036714 208.1440   8.8569  1.00256908 14981
LUCH 5A                 
1 37951U 11074B   15354.48565065 -.00000046  00000-0  00000+0 0  9995
2 37951   1.9503 225.9164 0002160  32.6609 171.9875  1.00269810 14762
NIGCOMSAT 1R            
1 38014U 11077A   15355.11541699  .00000141  00000-0  00000+0 0  9992
2 38014   0.0555 112.4901 0003309 150.9598 269.9664  1.00272603 14618
FENGYUN 2F              
1 38049U 12002A   15354.66265973 -.00000358  00000-0  00000+0 0  9997
2 38049   0.6290  70.1285 0001288 240.6454 128.3081  1.00258626 14479
SES-4                   
1 38087U 12007A   15352.72388591 -.00000169  00000-0  00000+0 0  9991
2 38087   0.0129 343.6599 0002347 289.8938  52.0589  1.00270670 14043
BEIDOU G5               
1 38091U 12008A   15353.82079650  .00000054  00000-0  00000+0 0  9994
2 38091   1.3759  40.9138 0002803 200.0820 201.2568  1.00271496 14052
INTELSAT 22 (IS-22)     
1 38098U 12011A   15354.55299366 -.00000063  00000-0  00000+0 0  9995
2 38098   0.0213 346.5221 0001584 268.7084 104.7581  1.00276453 13639
APSTAR 7                
1 38107U 12013A   15354.55384477 -.00000105  00000-0  00000+0 0  9993
2 38107   0.0315  33.5268 0002369 235.0967  96.0973  1.00271846 13758
YAHSAT 1B               
1 38245U 12016A   15352.97122051  .00000125  00000-0  00000+0 0  9992
2 38245   0.0061 305.5353 0003238 310.7397 228.2270  1.00270581 13484
JCSAT-13                
1 38331U 12023A   15354.40953822 -.00000360  00000-0  00000+0 0  9996
2 38331   0.0292  10.3015 0001985 289.6792  59.9996  1.00269390 13156
VINASAT-2               
1 38332U 12023B   15353.65544981 -.00000331  00000-0  00000+0 0  9993
2 38332   0.0097 354.6049 0002461 290.9411 170.1895  1.00271534 13195
NIMIQ 6                 
1 38342U 12026A   15354.00780118 -.00000176  00000-0  00000+0 0  9998
2 38342   0.0264 303.9027 0002240 336.3672  79.7121  1.00272252 13176
CHINASAT 2A (ZX 2A)     
1 38352U 12028A   15354.04201105 -.00000295  00000-0  00000+0 0  9991
2 38352   0.0492 114.2965 0004775 198.8974 248.5000  1.00269607 13212
INTELSAT 19 (IS-19)     
1 38356U 12030A   15354.29282943 -.00000059  00000-0  00000+0 0  9992
2 38356   0.0356  50.3612 0002854 219.4502  90.1623  1.00272173 13097
ECHOSTAR 17             
1 38551U 12035A   15353.05484056 -.00000076  00000-0  00000-0 0  9996
2 38551   0.0209 352.6736 0002431 274.2156  93.0830  1.00271044 12650
METEOSAT-10 (MSG-3)     
1 38552U 12035B   15352.75919572 -.00000007  00000-0  00000+0 0  9992
2 38552   0.4208  87.0766 0001000 172.7041 100.2174  1.00271050 12785
SES-5                   
1 38652U 12036A   15353.87433961  .00000031  00000-0  00000+0 0  9997
2 38652   0.0523 271.3968 0001891 352.2833 144.2060  1.00271373 12641
TIANLIAN 1-03           
1 38730U 12040A   15354.70622630  .00000105  00000-0  00000+0 0  9997
2 38730   0.0707 261.9930 0002898  10.8687  87.1108  1.00273946 12576
INTELSAT 20 (IS-20)     
1 38740U 12043A   15352.56839848 -.00000024  00000-0  00000+0 0  9995
2 38740   0.0225   1.3108 0000361 236.7916 121.8941  1.00265553 12398
HYLAS 2                 
1 38741U 12043B   15353.66946612  .00000152  00000-0  00000+0 0  9997
2 38741   0.0234 288.9362 0001307 338.7164  92.3405  1.00269474 12420
INTELSAT 21 (IS-21)     
1 38749U 12045A   15352.09888509 -.00000285  00000-0  00000+0 0  9991
2 38749   0.0231  28.4087 0002276 222.5088 173.0810  1.00269967 12195
ASTRA 2F                
1 38778U 12051A   15352.68002371  .00000149  00000-0  00000+0 0  9998
2 38778   0.0649 238.7830 0004194   4.9504 116.2334  1.00271181 11851
GSAT-10                 
1 38779U 12051B   15353.52548211 -.00000167  00000-0  00000+0 0  9992
2 38779   0.0425 271.0185 0002771 344.1892 104.7699  1.00271773 11869
INTELSAT 23 (IS-23)     
1 38867U 12057A   15354.28688150 -.00000288  00000-0  00000+0 0  9991
2 38867   0.0016 353.6321 0002275 255.9495 249.2575  1.00272311 11697
BEIDOU G6               
1 38953U 12059A   15354.75599803 -.00000140  00000-0  10000-3 0  9999
2 38953   0.5549  73.7602 0003964 173.4916 193.9723  1.00271529 11633
LUCH 5B                 
1 38977U 12061A   15355.07666688 -.00000134  00000-0  00000+0 0  9998
2 38977   2.4571  79.0670 0004064 189.1589 192.4900  1.00272940 11764
YAMAL 300K              
1 38978U 12061B   15354.40416808  .00000068  00000-0  00000+0 0  9997
2 38978   0.0313 123.9583 0000311 196.0211  97.1475  1.00271006 11451
STAR ONE C3             
1 38991U 12062A   15350.29233171 -.00000246  00000-0  00000+0 0  9995
2 38991   0.0932  90.8184 0003269 182.5398 201.4870  1.00273848 11391
EUTELSAT 21B            
1 38992U 12062B   15353.69561236  .00000128  00000-0  00000+0 0  9997
2 38992   0.0636  10.5932 0002732 269.1838  80.2001  1.00272758 11442
ECHOSTAR 16             
1 39008U 12065A   15353.92576886 -.00000284  00000-0  00000+0 0  9996
2 39008   0.0131 344.2386 0002877 282.8134  92.9224  1.00270732 11382
CHINASAT 12 (ZX 12)     
1 39017U 12067A   15354.67137751 -.00000210  00000-0  00000+0 0  9994
2 39017   0.0256  59.1770 0003390 201.5828 157.3792  1.00270638 11299
EUTELSAT 70B            
1 39020U 12069A   15354.55742367 -.00000046  00000-0  00000+0 0  9999
2 39020   0.0637  22.3482 0003758 242.1267  95.4881  1.00271800 11196
YAMAL 402               
1 39022U 12070A   15353.98064497  .00000084  00000-0  10000-3 0  9996
2 39022   0.0303 284.2112 0000419 262.8692 309.1066  1.00270684 11176
SKYNET 5D               
1 39034U 12075A   15354.79281994  .00000096  00000-0  00000+0 0  9995
2 39034   0.0688   3.1250 0004150 257.2754 166.8030  1.00271950 11108
MEXSAT 3                
1 39035U 12075B   15355.07072279 -.00000029  00000-0  00000+0 0  9999
2 39035   0.0294 215.6563 0002563  46.9036  97.4157  1.00271023 11066
TDRS 11                 
1 39070U 13004A   15355.14150663  .00000089  00000-0  00000+0 0  9998
2 39070   6.0485 329.5318 0011216 279.3978  80.5194  1.00280574 10578
AMAZONAS 3              
1 39078U 13006A   15353.92426523 -.00000285  00000-0  00000+0 0  9992
2 39078   0.0135 230.9111 0005142   9.6766 119.3682  1.00270243 10540
AZERSPACE 1             
1 39079U 13006B   15354.62529306  .00000130  00000-0  00000+0 0  9992
2 39079   0.0234  68.4686 0002372 222.3628  69.1490  1.00272697 10527
EUTELSAT 117 WEST A     
1 39122U 13012A   15354.07886226 -.00000015  00000-0  00000+0 0  9997
2 39122   0.0249  29.9131 0002723 242.1772  87.8785  1.00269809 10041
ANIK G1                 
1 39127U 13014A   15352.05809718 -.00000074  00000-0  00000+0 0  9996
2 39127   0.0221 356.7485 0002967 263.2754  99.9426  1.00269804  9817
CHINASAT 11 (ZX 11)     
1 39157U 13020A   15353.99198391 -.00000294  00000-0  00000+0 0  9992
2 39157   0.0307 271.1230 0004513 327.8642 304.3888  1.00272671  9726
EUTELSAT 7B             
1 39163U 13022A   15352.73875394  .00000047  00000-0  00000+0 0  9992
2 39163   0.0406  22.0593 0004639 297.7910  40.1252  1.00271973  9566
SES-6                   
1 39172U 13026A   15355.15433734 -.00000265  00000-0  00000+0 0  9996
2 39172   0.0281 321.5532 0001979 293.0022 209.9184  1.00269696  9315
IRNSS-1A                
1 39199U 13034A   15354.10445668  .00000123  00000-0  00000+0 0  9999
2 39199  28.0057 124.6540 0020804 190.4446 225.7851  1.00272290  9225
ALPHASAT                
1 39215U 13038A   15353.77537294  .00000137  00000-0  00000+0 0  9996
2 39215   1.0943  32.7416 0001535 253.2100 106.0655  1.00274820  8846
INSAT-3D                
1 39216U 13038B   15353.52806072 -.00000158  00000-0  00000+0 0  9997
2 39216   0.0755 271.0579 0001419 359.4061  89.5282  1.00272546  8878
EUTELSAT 25B            
1 39233U 13044A   15352.68758622  .00000142  00000-0  00000+0 0  9998
2 39233   0.0439 358.0515 0001753 278.5840  83.3547  1.00270951  8468
GSAT-7                  
1 39234U 13044B   15354.54743020 -.00000080  00000-0  00000+0 0  9994
2 39234   0.0427 100.6031 0011726 173.8463  85.4222  1.00271219  8482
AMOS-4                  
1 39237U 13045A   15353.57534368  .00000005  00000-0  00000+0 0  9999
2 39237   0.0217 292.3438 0002502 342.4907  85.1451  1.00271712  8468
ASTRA 2E                
1 39285U 13056A   15354.67374154  .00000147  00000-0  00000+0 0  9998
2 39285   0.0448 359.1451 0002008 276.1482  84.6896  1.00271893  8171
SIRIUS FM-6             
1 39360U 13058A   15354.07712302 -.00000020  00000-0  00000+0 0  9990
2 39360   0.0329  15.0233 0000434 159.2224 185.7547  1.00269810  7929
RADUGA-1M 3             
1 39375U 13062A   15355.11796610 -.00000043  00000-0  00000+0 0  9996
2 39375   0.0262  59.3067 0003397 222.0621 280.4752  1.00271912  7712
SES-8                   
1 39460U 13071A   15353.49228859 -.00000271  00000-0  00000+0 0  9998
2 39460   0.0199 295.1624 0000942 333.6991  91.1361  1.00272350  7447
INMARSAT 5-F1           
1 39476U 13073A   15353.86402131  .00000026  00000-0  00000+0 0  9992
2 39476   0.0233   4.9634 0000285  54.7129  42.1184  1.00269249  7503
TKSAT-1 (TUPAC KATARI)  
1 39481U 13075A   15355.02975862 -.00000198  00000-0  00000+0 0  9997
2 39481   0.0429 207.3510 0003442  53.9027 111.5499  1.00270733  7436
EXPRESS-AM5             
1 39487U 13077A   15354.55522236 -.00000283  00000-0  00000+0 0  9990
2 39487   0.0423 205.9350 0000705 101.7132 121.0846  1.00273056  7961
GSAT-14                 
1 39498U 14001A   15353.55030552 -.00000079  00000-0  00000+0 0  9997
2 39498   0.0687  93.8484 0005498 169.5892  96.5078  1.00271392  7151
THAICOM 6               
1 39500U 14002A   15353.96407251 -.00000124  00000-0  00000-0 0  9993
2 39500   0.0637 132.7942 0001243  96.2349 284.8384  1.00271388  7022
TDRS 12                 
1 39504U 14004A   15354.80223296 -.00000277  00000-0  00000+0 0  9996
2 39504   6.5070 337.0047 0005338 288.1610  71.8064  1.00269931  7037
ABS-2                   
1 39508U 14006A   15352.55059519 -.00000087  00000-0  00000+0 0  9996
2 39508   0.0363 332.6380 0003266 314.4154  72.9108  1.00274758  6897
ATHENA-FIDUS            
1 39509U 14006B   15353.65044112  .00000152  00000-0  00000+0 0  9994
2 39509   0.0273  19.4033 0001046 273.6259  66.9597  1.00270015  7077
TURKSAT 4A              
1 39522U 14007A   15353.63895645  .00000144  00000-0  00000+0 0  9994
2 39522   0.0612 274.0780 0005198 347.7077  98.1633  1.00268529  6782
EXPRESS-AT1             
1 39612U 14010A   15355.17971000  .00000074  00000-0  00000+0 0  9991
2 39612   0.0416 199.7936 0000085 161.9411 208.3949  1.00272347  6630
EXPRESS-AT2             
1 39613U 14010B   15354.55521473 -.00000285  00000-0  00000+0 0  9993
2 39613   0.0411 199.9657 0000657  78.7021 149.8757  1.00270732  6468
AMAZONAS 4A             
1 39616U 14011A   15354.92155693 -.00000286  00000-0  00000+0 0  9996
2 39616   0.0660  67.8762 0002497 232.6820  59.4222  1.00272675  6459
ASTRA 5B                
1 39617U 14011B   15354.07104914  .00000152  00000-0  00000+0 0  9994
2 39617   0.0414 318.8668 0003505 282.8595 263.6999  1.00269112  6449
IRNSS-1B                
1 39635U 14017A   15354.44318734  .00000047  00000-0  00000+0 0  9991
2 39635  30.0475 303.3423 0019363 191.5528 168.3944  1.00272767  6382
LUCH 5V                 
1 39727U 14023A   15354.89103428 -.00000271  00000-0  00000+0 0  9991
2 39727   3.7371 300.4895 0003725 333.3739 230.7718  1.00269578524106
KAZSAT 3                
1 39728U 14023B   15353.59341618  .00000058  00000-0  00000+0 0  9995
2 39728   0.0108 347.3463 0000946 352.2285  20.4297  1.00273609  6015
EUTELSAT 3B             
1 39773U 14030A   15352.08687412  .00000020  00000-0  00000+0 0  9990
2 39773   0.0684  29.1984 0003518 222.0602 229.4971  1.00271259  5773
ASIASAT 8               
1 40107U 14046A   15354.83484258 -.00000336  00000-0  00000+0 0  9999
2 40107   0.0100  12.8163 0001797 233.2156 248.9206  1.00269262  5084
ASIASAT 6               
1 40141U 14052A   15354.40905265 -.00000365  00000-0  00000+0 0  9995
2 40141   0.0158 291.2601 0000525 318.9372 105.6421  1.00271754  4732
OPTUS 10                
1 40146U 14054A   15354.29840207 -.00000078  00000-0  00000+0 0  9994
2 40146   0.0954 359.0024 0001631 270.9750  90.0108  1.00270000  4708
MEASAT-3B               
1 40147U 14054B   15354.49921240 -.00000245  00000-0  00000+0 0  9990
2 40147   0.0327  37.3315 0002094 260.5725  62.0810  1.00270249  4752
LUCH (OLYMP)            
1 40258U 14058A   15355.26234957 -.00000069  00000-0  00000+0 0  9999
2 40258   0.0161 265.2965 0015299 192.5339  71.8717  1.00540554  4528
HIMAWARI 8              
1 40267U 14060A   15354.36303677 -.00000279  00000-0  00000+0 0  9991
2 40267   0.0183  65.2117 0001097 212.4666  82.3157  1.00270620  4445
IRNSS-1C                
1 40269U 14061A   15353.26298946 -.00000161  00000-0  00000+0 0  9994
2 40269   4.1053 264.9165 0022136  10.1912 350.1447  1.00270189  4395
INTELSAT 30 (IS-30)     
1 40271U 14062A   15354.34473078 -.00000154  00000-0  00000+0 0  9991
2 40271   0.0220  94.5035 0000972  72.4698 310.6782  1.00271777  4340
ARSAT 1                 
1 40272U 14062B   15354.28351668 -.00000263  00000-0  00000+0 0  9996
2 40272   0.0149  10.6548 0001694 257.5859 210.5666  1.00271859  4469
EXPRESS-AM6             
1 40277U 14064A   15353.15534675  .00000097  00000-0  00000-0 0  9994
2 40277   0.0438 180.7807 0000506 137.0175 238.5592  1.00270797  3160
GSAT-16                 
1 40332U 14078A   15354.60039989  .00000082  00000-0  00000+0 0  9993
2 40332   0.0297 271.3942 0003017 229.2672 219.3666  1.00272748  3840
DIRECTV 14              
1 40333U 14078B   15354.45969870 -.00000129  00000-0  00000+0 0  9991
2 40333   0.0078  22.2434 0000972 199.9706 292.7731  1.00273219  3825
YAMAL 401               
1 40345U 14082A   15354.48643875 -.00000231  00000-0  00000+0 0  9990
2 40345   0.0632 108.9467 0000632 144.2324 100.6241  1.00270051  3985
ASTRA 2G                
1 40364U 14089A   15352.68012337  .00000149  00000-0  00000+0 0  9998
2 40364   0.0306   3.0744 0001168   1.8102 355.1266  1.00269274  3589
FENGYUN 2G              
1 40367U 14090A   15354.61478811 -.00000332  00000-0  00000+0 0  9996
2 40367   1.5629 274.8312 0002319 248.7232 251.2948  1.00271574  3624
INMARSAT 5-F2           
1 40384U 15005A   15354.20088148 -.00000288  00000-0  00000+0 0  9997
2 40384   0.0220 358.1695 0000464 222.8645 244.7398  1.00269968  3253
ABS-3A                  
1 40424U 15010A   15353.04806324 -.00000028  00000-0  00000+0 0  9995
2 40424   0.0048  33.4746 0001761 124.2519 303.9374  1.00271424  2972
EUTELSAT 115 WEST B     
1 40425U 15010B   15355.06615839 -.00000029  00000-0  00000+0 0  9990
2 40425   0.0192 154.8603 0000352 178.8250  24.5480  1.00271980  3012
EXPRESS-AM7             
1 40505U 15012A   15354.89700174  .00000147  00000-0  00000+0 0  9998
2 40505   0.0053  32.0536 0001954 225.8339 194.1848  1.00273496  2946
IRNSS-1D                
1 40547U 15018A   15354.28643671 -.00000331  00000-0  00000+0 0  9997
2 40547  30.0552 303.4953 0018674 185.8793 174.0910  1.00278094  2826
BEIDOU I1-S             
1 40549U 15019A   15354.92455233 -.00000164  00000-0  00000+0 0  9990
2 40549  54.8332 339.9742 0041222 181.3139 352.7669  1.00298638  2662
THOR 7                  
1 40613U 15022A   15354.75438130 -.00000012  00000-0  00000+0 0  9996
2 40613   0.0062 329.1379 0002557 298.7604  92.0724  1.00269698  2404
TURKMENALEM52E/MONACOSAT
1 40617U 15023A   15354.60857546  .00000100  00000-0  00000+0 0  9998
2 40617   0.0268  53.6644 0002581 218.3483  87.9635  1.00273116  2437
DIRECTV 15              
1 40663U 15026A   15354.04011970 -.00000107  00000-0  00000+0 0  9991
2 40663   0.0171  54.0155 0000374 220.8027  85.1847  1.00280474  2129
SKY MEXICO-1            
1 40664U 15026B   15353.97389824 -.00000236  00000-0  00000+0 0  9992
2 40664   0.0140 333.3116 0002247 304.2427  82.4201  1.00269023  2118
METEOSAT-11 (MSG-4)     
1 40732U 15034A   15352.49751026 -.00000028  00000-0  00000-0 0  9990
2 40732   2.8757 261.8340 0001923  30.9798 329.4498  1.00274859  1604
STAR ONE C4             
1 40733U 15034B   15353.43505870 -.00000267  00000-0  00000+0 0  9994
2 40733   0.0191 332.1176 0002132 330.1106 232.1012  1.00270199  1602
INTELSAT 34             
1 40874U 15039A   15352.44343742 -.00000286  00000-0  00000+0 0  9994
2 40874   0.0012 334.2770 0000351 141.3629  75.2411  1.00270098  1232
EUTELSAT 8 WEST B       
1 40875U 15039B   15354.77482098 -.00000069  00000-0  00000+0 0  9990
2 40875   0.0595  31.5191 0003313 240.5723  87.8761  1.00272422  1286
GSAT-6                  
1 40880U 15041A   15353.52523463 -.00000166  00000-0  00000+0 0  9991
2 40880   0.9591 274.7399 0010780 355.1401  90.0061  1.00271108  1201
INMARSAT 5-F3           
1 40882U 15042A   15354.25509193  .00000046  00000-0  00000+0 0  9995
2 40882   0.0323  49.8829 0001293 159.8331 150.2833  1.00258843  1135
TJS-1                   
1 40892U 15046A   15354.64018309 -.00000159  00000-0  00000+0 0  9993
2 40892   0.0514 169.9119 0002962 104.3497 200.1787  1.00269784  1135
EXPRESS-AM8             
1 40895U 15048A   15354.31067590 -.00000114  00000-0  00000+0 0  9999
2 40895   0.0241 205.6879 0000917 154.8141 185.9116  1.00271418   952
BEIDOU I2-S             
1 40938U 15053A   15353.84507764 -.00000181  00000-0  00000+0 0  9996
2 40938  54.9361 302.8239 0043173 170.1600  16.7119  1.00281922   936
SKY MUSTER (NBN1A)      
1 40940U 15054A   15352.36987635 -.00000280  00000-0  00000+0 0  9995
2 40940   0.0223  15.3948 0002320 245.7298  98.8492  1.00270137   854
ARSAT 2                 
1 40941U 15054B   15353.98016651 -.00000227  00000-0  00000+0 0  9997
2 40941   0.0126  47.1164 0001675 231.3143  81.5576  1.00272121   882
MORELOS 3               
1 40946U 15056A   15353.99035364 -.00000052  00000-0  00000+0 0  9993
2 40946   7.0545 331.6596 0001755   0.9806 359.0535  1.00272230   861
APSTAR 9                
1 40982U 15059A   15353.36197207 -.00000267  00000-0  00000+0 0  9990
2 40982   0.0180 244.6477 0002905  13.7072 101.6210  1.00271984   737
TURKSAT 4B              
1 40984U 15060A   15353.61660103  .00000113  00000-0  00000+0 0  9991
2 40984   0.0254 342.0900 0002636 292.2366  85.6433  1.00269720   694
