GOES 3                  
1 10953U 78062A   16032.46519758 -.00000114  00000-0  00000+0 0  9994
2 10953  13.9664 336.6510 0002877 201.8934  16.1687  1.00279487 90932
TDRS 3                  
1 19548U 88091B   16033.33234269 -.00000297  00000-0  00000+0 0  9996
2 19548  14.7551  13.4917 0040266 306.4320 229.4204  1.00268780 87384
SKYNET 4C               
1 20776U 90079A   16032.69761647 -.00000034  00000-0  00000+0 0  9992
2 20776  13.5334  21.2922 0003506 296.2146  63.7915  1.00275948 92957
TDRS 5                  
1 21639U 91054B   16033.29212294  .00000090  00000-0  00000+0 0  9992
2 21639  13.9819  26.8859 0024752 318.8872  84.0283  1.00273660 89725
TDRS 6                  
1 22314U 93003B   16033.18497182 -.00000290  00000-0  00000+0 0  9991
2 22314  13.4684  29.7417 0008020 284.7310 198.1224  1.00275713 84392
INTELSAT 701 (IS-701)   
1 22871U 93066A   16033.18234084 -.00000218  00000-0  00000+0 0  9998
2 22871   3.2421  69.7792 0004234 235.6082 222.5302  1.00270561 81370
NATO 4B                 
1 22921U 93076A   16033.09855078  .00000132  00000-0  00000+0 0  9991
2 22921  11.8596  28.0103 0003967 278.6278 253.1123  1.00272093 81119
INTELSAT 702 (IS-702)   
1 23124U 94034A   16031.73567397  .00000149  00000-0  00000+0 0  9993
2 23124   3.5854  68.0339 0002096 202.5288 157.5468  1.00269905 93383
OPTUS B3                
1 23227U 94055A   16033.20826823 -.00000082  00000-0  00000+0 0  9993
2 23227   6.5916  54.0404 0005742 247.5228  69.4124  1.00272292 78455
ASTRA 1D                
1 23331U 94070A   16032.40780193 -.00000287  00000-0  00000+0 0  9993
2 23331   6.7714  53.1731 0003969 251.0345 286.3289  1.00271351 78177
BRASILSAT B2            
1 23536U 95016A   16032.15356265 -.00000288  00000-0  00000+0 0  9993
2 23536   6.3934  54.9770 0002537 263.0511 164.8299  1.00272144 76321
AMSC 1                  
1 23553U 95019A   16033.04506095 -.00000113  00000-0  00000+0 0  9999
2 23553   9.4057  44.5394 0003757 256.2215 103.8087  1.00272028 76180
TDRS 7                  
1 23613U 95035B   16032.06807666 -.00000200  00000-0  00000+0 0  9990
2 23613  14.7066  20.5924 0021124  12.9855 206.4752  1.00275325 75152
ECHOSTAR 1              
1 23754U 95073A   16032.32256647 -.00000242  00000-0  00000+0 0  9990
2 23754   0.0046  45.3370 0003349 300.0342 184.5469  1.00272051 73450
INMARSAT 3-F1           
1 23839U 96020A   16033.02595699  .00000008  00000-0  00000+0 0  9997
2 23839   3.0281  69.8987 0006705 242.3142 253.2435  1.00270824 72630
ASTRA 1F                
1 23842U 96021A   16033.21078113  .00000139  00000-0  00000+0 0  9995
2 23842   0.0709 301.2028 0003725   2.3876 308.3709  1.00271015 72349
MSAT M1                 
1 23846U 96022A   16033.07946491 -.00000083  00000-0  00000+0 0  9996
2 23846   6.9643  52.7765 0005733 263.4807  96.5384  1.00272204 72454
PALAPA C2               
1 23864U 96030A   16033.50375344 -.00000240  00000-0  00000+0 0  9991
2 23864   4.6536  62.2555 0001492 295.9216 101.3360  1.00272263 72202
INMARSAT 3-F2           
1 24307U 96053A   16033.35359657 -.00000125  00000-0  00000+0 0  9993
2 24307   1.6134  80.2933 0007221 225.8414 297.6349  1.00271365 71043
AMC-1 (GE-1)            
1 24315U 96054A   16031.99581704  .00000058  00000-0  00000+0 0  9995
2 24315   0.5318  87.7394 0003112 241.8227  30.3993  1.00272330 71031
AFRICASAT-2 (MEASAT-2)  
1 24653U 96063B   16033.50813730 -.00000226  00000-0  00000+0 0  9994
2 24653   6.6901  53.6084 0008721 176.5511 232.8541  1.00273826 70375
EUTELSAT 48A            
1 24665U 96067A   16032.19854341  .00000114  00000-0  00000+0 0  9993
2 24665   5.5020  58.6106 0005599 257.6909 294.2439  1.00274490 70680
INMARSAT 3-F3           
1 24674U 96070A   16033.31914095  .00000036  00000-0  00000+0 0  9998
2 24674   2.4487  74.2767 0005974 242.8614 107.7470  1.00272487 69984
AMC-2 (GE-2)            
1 24713U 97002A   16033.49522606 -.00000230  00000-0  00000+0 0  9997
2 24713   3.3983  68.6770 0005119 242.8171 278.0327  1.00271920 20340
INTELSAT 26 (IS-26)     
1 24732U 97007A   16032.74355480  .00000021  00000-0  00000+0 0  9991
2 24732   6.6581  53.8878 0002981 249.5086 157.8302  1.00271459 69290
GALAXY 25 (G-25)        
1 24812U 97026A   16031.89593768 -.00000164  00000-0  00000+0 0  9998
2 24812   0.0094  22.4758 0003052 290.0676  47.4099  1.00272220 68362
INMARSAT 3-F4           
1 24819U 97027A   16033.33252564 -.00000292  00000-0  00000+0 0  9995
2 24819   4.8825  60.5669 0004504 260.4780 236.5096  1.00267146 68377
ABS-3                   
1 24901U 97042A   16033.35359657 -.00000130  00000-0  00000+0 0  9998
2 24901   3.9624  66.3235 0007044 246.1697 290.9996  1.00273217 67546
INTELSAT 5 (IS-5)       
1 24916U 97046A   16031.40745232 -.00000143  00000-0  00000+0 0  9994
2 24916   2.5630  73.6837 0003990 239.3073 120.7240  1.00271348 67614
METEOSAT-7              
1 24932U 97049B   16032.59181338  .00000050  00000-0  00000+0 0  9993
2 24932  10.0134  41.9927 0001500 277.3083  82.7422  1.00269748 67431
AMC-3 (GE-3)            
1 24936U 97050A   16033.49664817 -.00000273  00000-0  10000-3 0  9990
2 24936   0.0323 270.3911 0003071  19.9106 313.5957  1.00271563 67465
NSS-5                   
1 24957U 97053A   16032.64759041  .00000107  00000-0  00000+0 0  9996
2 24957   2.8673  71.8824 0003768 245.6630  97.3775  1.00275692 67244
ECHOSTAR 3              
1 25004U 97059A   16032.03730002 -.00000284  00000-0  00000+0 0  9992
2 25004   1.1257  82.3354 0001100 262.4992  97.4552  1.00270841 67154
JCSAT-1B                
1 25067U 97075A   16032.51474319 -.00000207  00000-0  00000+0 0  9993
2 25067   4.6704  62.1248 0006839 226.9886 177.3346  1.00271152 66566
ASTRA 1G                
1 25071U 97076A   16033.03263405  .00000048  00000-0  00000+0 0  9991
2 25071   1.3067  79.8278 0003870 254.6763 228.7352  1.00274320 66556
BRASILSAT B3            
1 25152U 98006A   16031.09275176 -.00000175  00000-0  00000+0 0  9999
2 25152   3.0716  71.1576 0002811 238.7448 121.3081  1.00271048 65920
INMARSAT 3-F5           
1 25153U 98006B   16033.33278480 -.00000280  00000-0  00000+0 0  9997
2 25153   1.5835  74.3667 0006014 256.1247 238.7894  0.99887093 65905
NSS-806                 
1 25239U 98014A   16032.40810288 -.00000280  00000-0  00000+0 0  9996
2 25239   0.0562 348.3562 0004748 320.2072 281.8813  1.00270250 65667
CHINASAT 5A (ZX 5A)     
1 25354U 98033A   16032.88334128 -.00000272  00000-0  00000+0 0  9992
2 25354   0.2015  89.3790 0003139 289.9989 211.4964  1.00270046 69254
THOR III                
1 25358U 98035A   16031.82281677 -.00000044  00000-0  00000+0 0  9998
2 25358   4.5481  62.3050 0003068 237.0312 123.0307  1.00271933 64718
INTELSAT 805 (IS-805)   
1 25371U 98037A   16033.53673301  .00000101  00000-0  00000+0 0  9997
2 25371   0.0145  44.0879 0004428 302.1793 210.3162  0.99531340 64587
ASTRA 2A                
1 25462U 98050A   16032.81228994  .00000149  00000-0  00000+0 0  9999
2 25462   0.0987 255.6904 0000806 216.7648 339.3887  1.00270788 63748
INTELSAT 7 (IS-7)       
1 25473U 98052A   16031.90109228 -.00000146  00000-0  00000+0 0  9998
2 25473   2.1650  76.6997 0003006 200.1636 159.8731  1.00272133 63651
AFRISTAR                
1 25515U 98063A   16033.27958196  .00000124  00000-0  00000+0 0  9990
2 25515   2.3315  70.9117 0004465 239.6552 302.9404  1.00271108 63146
INTELSAT 8 (IS-8)       
1 25522U 98065A   16032.74597597 -.00000032  00000-0  00000+0 0  9994
2 25522   0.0130  66.3553 0003259 252.5471 250.0020  1.00271832 63131
EUTELSAT 115 WEST A     
1 25558U 98070A   16031.10795536 -.00000172  00000-0  00000+0 0  9996
2 25558   2.1589  76.3954 0003446 285.0332  74.9864  1.00269795 63046
JCSAT-4A                
1 25630U 99006A   16033.08869132 -.00000158  00000-0  00000+0 0  9994
2 25630   1.2718  82.5592 0001488 240.9403 282.0797  1.00276386 62018
SKYNET 4E               
1 25639U 99009B   16032.81173346  .00000024  00000-0  00000+0 0  9992
2 25639   9.6329  32.6541 0003364 272.3054 124.6786  1.00269211 62033
ASIASAT 3S              
1 25657U 99013A   16032.88072012 -.00000199  00000-0  00000+0 0  9996
2 25657   1.4929  80.7106 0004211 213.5071 304.8448  1.00272177 61837
NIMIQ 1                 
1 25740U 99027A   16033.55187550 -.00000199  00000-0  00000+0 0  9993
2 25740   0.0427 267.2203 0005746  59.1690 277.9444  1.00272187 61223
ASTRA 1H                
1 25785U 99033A   16032.41380831 -.00000283  00000-0  00000+0 0  9994
2 25785   2.8520  72.1236 0002825 233.5368 286.6604  1.00270818 60795
TELKOM 1                
1 25880U 99042A   16032.75026990 -.00000345  00000-0  00000+0 0  9999
2 25880   0.0509 257.2458 0002469 111.2881 140.9616  1.00271757 60378
ABS-7                   
1 25894U 99046A   16033.51407858 -.00000363  00000-0  00000+0 0  9999
2 25894   0.0121 151.8064 0002539 198.8579  82.6398  1.00270020 59186
GALAXY 27 (G-27)        
1 25922U 99052A   16031.66432479 -.00000007  00000-0  00000+0 0  9994
2 25922   2.2307  75.6333 0005142 231.8185 128.1937  1.00271797 59899
ABS-6                   
1 25924U 99053A   16032.19489583 -.00000120  00000-0  00000+0 0  9990
2 25924   0.0216  65.5736 0001704 262.1455  32.2705  1.00277716 59882
TELSTAR 12 (ORION 2)    
1 25949U 99059A   16033.23436936 -.00000120  00000-0  00000+0 0  9993
2 25949   0.0405 274.7297 0002829  63.2411 223.2475  1.00271997 59540
AMC-4 (GE-4)            
1 25954U 99060A   16033.19927124 -.00000273  00000-0  10000-3 0  9994
2 25954   0.0202  71.9864 0001053 306.4904 118.0726  1.00271324 59505
GALAXY 11 (G-11)        
1 26038U 99071A   16033.16379860 -.00000026  00000-0  00000+0 0  9996
2 26038   0.0209  92.1580 0007164 268.7886 181.7500  1.00492261 59124
HISPASAT 1C             
1 26071U 00007A   16032.08857095 -.00000213  00000-0  00000+0 0  9993
2 26071   0.0341  50.9835 0002733 284.2913 103.4872  1.00271410 58644
SUPERBIRD-B2            
1 26095U 00012A   16032.42580159 -.00000094  00000-0  00000+0 0  9994
2 26095   0.0352 240.0330 0001283  61.2588 145.0232  1.00271265 58442
ASIASTAR                
1 26107U 00016A   16032.88299560 -.00000333  00000-0  00000+0 0  9991
2 26107   0.6494  80.6495 0004410 240.5496 233.1920  1.00270067 58165
EUTELSAT 16C            
1 26243U 00019A   16032.81195453  .00000091  00000-0  00000+0 0  9994
2 26243   3.3176  68.9829 0003218 247.0476 122.1780  1.00273404 57807
EUTELSAT 36A            
1 26369U 00028A   16032.20883432  .00000154  00000-0  00000+0 0  9997
2 26369   0.0700 341.8100 0003768 356.6353 263.5736  1.00260392 57486
TDRS 8                  
1 26388U 00034A   16031.55899698 -.00000228  00000-0  00000+0 0  9996
2 26388   6.6235  60.4464 0005463 213.0560 146.9862  1.00266306 57170
ECHOSTAR 6              
1 26402U 00038A   16033.11127216 -.00000148  00000-0  00000+0 0  9992
2 26402   3.2301  69.8430 0003638 239.3934 126.3285  1.00271630 56938
INTELSAT 9 (IS-9)       
1 26451U 00043A   16033.33276956 -.00000272  00000-0  00000+0 0  9990
2 26451   2.5517  73.9047 0002881 242.5182 252.2355  1.00271999 56860
BRASILSAT B4            
1 26469U 00046A   16031.87068626 -.00000213  00000-0  00000+0 0  9997
2 26469   0.6280  88.6920 0002785 231.2844  39.9823  1.00273802 56642
NILESAT 102             
1 26470U 00046B   16033.28045041 -.00000059  00000-0  00000+0 0  9990
2 26470   0.6454  85.2794 0005833 224.2141 276.3848  1.00271347 56655
ASTRA 2B                
1 26494U 00054A   16033.21938519  .00000153  00000-0  00000+0 0  9993
2 26494   1.1918  80.2393 0003414 247.3888 274.5659  1.00275787 56257
AMC-7 (GE-7)            
1 26495U 00054B   16033.00927649  .00000087  00000-0  00000+0 0  9999
2 26495   0.0178  38.1367 0002581 258.2597  63.5575  1.00271212 56273
NSS-11 (AAP-1)          
1 26554U 00059A   16032.77701360 -.00000346  00000-0  00000+0 0  9992
2 26554   0.0601 276.5445 0001705  77.6123 165.1595  1.00271722 56211
N-SAT-110 (JCSAT-110)   
1 26559U 00060A   16033.46448144 -.00000351  00000-0  00000+0 0  9990
2 26559   0.0121  79.8444 0000333  37.0852 292.4342  1.00271082 56157
AMC-6 (GE-6)            
1 26580U 00067A   16033.54560752 -.00000261  00000-0  00000+0 0  9990
2 26580   0.0537 278.4582 0002655  48.2695 289.8585  1.00281646 56000
INTELSAT 12 (IS-12)     
1 26590U 00068A   16033.21078113  .00000136  00000-0  00000+0 0  9991
2 26590   0.0635 269.5968 0003282  48.4759 294.6155  1.00272602 55816
INTELSAT 1R (IS-1R)     
1 26608U 00072A   16032.34664563 -.00000283  00000-0  00000+0 0  9993
2 26608   0.0431 246.3119 0001381   4.0335 315.4113  1.00269661 55667
ANIK F1                 
1 26624U 00076A   16032.93261770 -.00000075  00000-0  00000+0 0  9992
2 26624   0.0178 141.1534 0000777 200.8016  18.0226  1.00272124 55744
ASTRA 2D                
1 26638U 00081A   16032.67788674  .00000066  00000-0  00000+0 0  9990
2 26638   2.6837  72.4936 0001853 229.5916 130.4614  1.00270574 55404
AMC-8 (GE-8)            
1 26639U 00081B   16032.55085484  .00000104  00000-0  00000+0 0  9990
2 26639   0.0354 287.0448 0002671  26.3389 237.0822  1.00271105 55281
TURKSAT 2A              
1 26666U 01002A   16032.20848302  .00000145  00000-0  00000+0 0  9997
2 26666   0.1338  71.0099 0004523 261.7417 275.1005  1.00274280 55162
SKYNET 4F               
1 26695U 01005B   16032.34060519 -.00000248  00000-0  00000+0 0  9998
2 26695   8.2777  40.3875 0003535 285.3275 253.8874  1.00271049 54882
EUTELSAT 33C            
1 26719U 01011A   16032.65087488  .00000155  00000-0  00000+0 0  9996
2 26719   0.0646   5.4522 0004630 304.6121  88.5789  1.00271939 54591
XM-1 (ROLL)             
1 26761U 01018A   16033.05583008 -.00000257  00000-0  00000+0 0  9998
2 26761   0.0627  94.0809 0000975 217.3936 161.3120  1.00273366 54046
INTELSAT 10 (IS-10)     
1 26766U 01019A   16033.02508546  .00000126  00000-0  00000+0 0  9999
2 26766   0.4782  87.3171 0002365 236.3618 224.4878  1.00272229 53943
INTELSAT 901 (IS-901)   
1 26824U 01024A   16033.31028244 -.00000142  00000-0  00000+0 0  9993
2 26824   0.0132  28.4035 0002654 279.7764 277.4285  1.00271703 53612
ASTRA 2C                
1 26853U 01025A   16033.01899237  .00000046  00000-0  00000+0 0  9993
2 26853   0.0578 300.1946 0003165  14.3111 244.2611  1.00273419 53594
ARTEMIS                 
1 26863U 01029A   16032.20431017  .00000107  00000-0  00000+0 0  9994
2 26863  12.1497  38.4611 0005357 284.8561 262.4645  1.00274876 54405
INTELSAT 902 (IS-902)   
1 26900U 01039A   16033.01914284  .00000032  00000-0  00000+0 0  9996
2 26900   0.0118  56.2650 0003106 257.6624 246.5882  1.00271404 52781
EUTELSAT 8 WEST A       
1 26927U 01042A   16032.78916234 -.00000101  00000-0  00000+0 0  9997
2 26927   0.1038 308.3345 0006201   6.9639  87.7262  1.00274203 52545
DIRECTV 4S              
1 26985U 01052A   16033.15557256 -.00000114  00000-0  00000+0 0  9993
2 26985   0.0236 291.7047 0002347  32.7159 122.1733  1.00272988 52010
INSAT-3C                
1 27298U 02002A   16033.02473260 -.00000078  00000-0  00000+0 0  9994
2 27298   0.0214  88.7073 0003777 248.9182 236.9140  1.00272096 51376
ECHOSTAR 7              
1 27378U 02006A   16033.52512321 -.00000001  00000-0  00000+0 0  9990
2 27378   0.0407 281.2660 0001564  69.6617 211.4278  1.00271120 51089
INTELSAT 904 (IS-904)   
1 27380U 02007A   16033.01899237  .00000049  00000-0  00000+0 0  9993
2 27380   0.0215 335.3678 0003015 343.8419 239.2531  1.00271383 51114
TDRS 9                  
1 27389U 02011A   16033.28699672 -.00000099  00000-0  00000+0 0  9993
2 27389   4.2227  86.2999 0021745 224.8177 272.2879  1.00271892 52454
JCSAT-2A                
1 27399U 02015A   16032.55510946 -.00000166  00000-0  00000+0 0  9998
2 27399   0.0102 243.9321 0001612  71.4464 169.6286  1.00271661 50631
ASTRA 3A                
1 27400U 02015B   16032.32577989  .00000067  00000-0  00000+0 0  9995
2 27400   2.8550  71.3069 0001153 249.4157 110.6477  1.00272616 50728
INTELSAT 903 (IS-903)   
1 27403U 02016A   16032.34060519 -.00000239  00000-0  00000+0 0  9999
2 27403   0.0115  35.5329 0003365 280.7018 262.8458  1.00271420 50653
NSS-7                   
1 27414U 02019A   16032.69069644 -.00000156  00000-0  00000+0 0  9998
2 27414   0.8609  85.9452 0002585 217.1299  56.8804  1.00272345 50579
DIRECTV 5 (TEMPO 1)     
1 27426U 02023A   16032.94032893 -.00000056  00000-0  00000+0 0  9999
2 27426   0.0147  82.6026 0003659 242.9989  34.3748  1.00269542 50323
INTELSAT 905 (IS-905)   
1 27438U 02027A   16033.31013762 -.00000185  00000-0  00000+0 0  9995
2 27438   0.0199 266.7841 0002047  37.3676 274.9079  1.00272026 49982
EXPRESS-A4              
1 27441U 02029A   16033.21078113  .00000079  00000-0  00000+0 0  9992
2 27441   5.1971  59.9333 0003071  88.6373 103.1081  1.00706081 49988
GALAXY 3C (G-3C)        
1 27445U 02030A   16032.35969462 -.00000152  00000-0  00000+0 0  9991
2 27445   0.0060  45.7814 0001942 313.5882 166.0428  1.00272272 49963
EUTELSAT 5 WEST A       
1 27460U 02035A   16031.65183543 -.00000044  00000-0  00000+0 0  9993
2 27460   0.0472  40.7456 0005818 269.2797  49.9024  1.00272868 49751
N-STAR C                
1 27461U 02035B   16032.82791948 -.00000311  00000-0  00000+0 0  9995
2 27461   3.6921  67.8157 0002970 268.9556 228.7236  1.00275101 49680
EUTELSAT 33D            
1 27499U 02038A   16032.54372828  .00000155  00000-0  00000+0 0  9995
2 27499   0.0745 302.6547 0003389  81.3518 335.9891  1.00272872 49230
ECHOSTAR 8              
1 27501U 02039A   16033.05267836 -.00000243  00000-0  00000+0 0  9998
2 27501   0.0478  90.8674 0003023 242.9237  99.9339  1.00271375 49299
EUTELSAT 12 WEST A      
1 27508U 02040A   16032.73516761 -.00000246  00000-0  00000+0 0  9998
2 27508   0.0763  34.5471 0000855  52.8432 272.5998  1.00273161 49259
METEOSAT-8 (MSG-1)      
1 27509U 02040B   16033.11250765  .00000017  00000-0  00000+0 0  9996
2 27509   3.9604  60.2711 0001904 223.7070 251.9087  1.00267882 49266
INTELSAT 906 (IS-906)   
1 27513U 02041A   16031.81740447  .00000013  00000-0  00000+0 0  9994
2 27513   0.0188 275.2723 0003201  39.1982 174.3747  1.00272226 48976
KODAMA (DRTS)           
1 27516U 02042B   16032.84544992 -.00000240  00000-0  00000+0 0  9992
2 27516   4.1262  65.0925 0003084 267.6026 193.8607  1.00270040 49066
KALPANA-1 (METSAT 1)    
1 27525U 02043A   16031.59606818 -.00000084  00000-0  00000+0 0  9996
2 27525   5.4922  58.7274 0015393 221.8968 138.0740  1.00271661 49049
HISPASAT 1D             
1 27528U 02044A   16033.23616277 -.00000217  00000-0  00000+0 0  9991
2 27528   0.0575 289.2890 0005779  29.9537 227.6358  1.00272873 48964
TDRS 10                 
1 27566U 02055A   16033.28687091  .00000078  00000-0  00000+0 0  9996
2 27566   4.1541  60.7020 0011799 219.3660 140.6493  1.00269717 48240
NSS-6                   
1 27603U 02057A   16032.51388987 -.00000270  00000-0  00000+0 0  9992
2 27603   0.0143  81.8643 0002549 223.7689 105.4863  1.00271070 48136
NIMIQ 2                 
1 27632U 02062A   16032.90734552  .00000137  00000-0  00000+0 0  9997
2 27632   0.9601  84.9709 0002958 299.6081 118.1099  1.00272522 47892
INTELSAT 907 (IS-907)   
1 27683U 03007A   16032.71146528 -.00000203  00000-0  00000+0 0  9997
2 27683   0.0070  22.4463 0003189 289.9510  47.5558  1.00272291 47404
INSAT-3A                
1 27714U 03013A   16033.55038631 -.00000258  00000-0  00000+0 0  9997
2 27714   0.1025 265.8934 0002959 147.6708  10.2593  1.00271551 46974
GALAXY 12 (G-12)        
1 27715U 03013B   16032.56160481  .00000058  00000-0  00000+0 0  9994
2 27715   0.0444 241.6539 0001621  72.6216 250.0771  1.00270993 47015
ASIASAT 4               
1 27718U 03014A   16032.88315950 -.00000361  00000-0  00000+0 0  9994
2 27718   0.0027   3.5841 0001555 269.6128 298.3583  1.00270031 46931
HELLAS-SAT 2            
1 27811U 03020A   16030.18318929  .00000148  00000-0  00000+0 0  9997
2 27811   0.0215 272.9702 0003866  36.3528 284.4751  1.00268700 46339
AMC-9 (GE-12)           
1 27820U 03024A   16032.53945027 -.00000217  00000-0  00000+0 0  9995
2 27820   0.0601 280.3099 0003148  40.5329 281.5101  1.00271761 46348
THURAYA-2               
1 27825U 03026A   16031.06410992  .00000129  00000-0  00000+0 0  9998
2 27825   4.4702  26.9799 0005383 273.7217 256.1504  1.00275612 46347
OPTUS C1                
1 27831U 03028B   16033.38441609 -.00000149  00000-0  00000+0 0  9996
2 27831   0.0307  69.3818 0002651 247.4062 109.5876  1.00267974 46346
ECHOSTAR 12 (RAINBOW 1) 
1 27852U 03033A   16033.54453966 -.00000283  00000-0  00000+0 0  9991
2 27852   0.0611 275.2006 0000965  48.4222 303.2334  1.00273177 46004
GALAXY 23 (G-23)        
1 27854U 03034A   16033.50395794  .00000013  00000-0  00000+0 0  9994
2 27854   0.0196  77.9423 0003252 240.3303 234.2583  1.00271387 45648
EUTELSAT 33A            
1 27948U 03043A   16033.09839799  .00000152  00000-0  00000+0 0  9994
2 27948   1.3689  80.2722 0001439 195.5125 282.2020  1.00271492 45343
GALAXY 13 (HORIZONS-1)  
1 27954U 03044A   16032.38983273  .00000047  00000-0  00000+0 0  9993
2 27954   0.0145  78.9494 0002401 190.6165 234.7666  1.00271668 45177
YAMAL 202               
1 28089U 03053A   16032.78784066  .00000119  00000-0  00000+0 0  9996
2 28089   0.0395  77.3589 0002370 216.1251 170.5296  1.00276331 44691
AMOS-2                  
1 28132U 03059A   16032.25138374 -.00000035  00000-0  00000+0 0  9996
2 28132   0.0670  89.7637 0004089 238.0394 249.5874  1.00273268 44399
EXPRESS-AM22 (SESAT 2)  
1 28134U 03060A   16033.52838911 -.00000138  00000-0  00000+0 0  9999
2 28134   0.0727  93.6710 0000250 267.5880  41.2380  1.00273084 44309
AMC-10 (GE-10)          
1 28154U 04003A   16032.55070436  .00000087  00000-0  00000+0 0  9993
2 28154   0.0475 273.4619 0001210  91.2682 189.6664  1.00273062 43943
ABS-4 (MOBISAT-1)       
1 28184U 04007A   16033.01914284  .00000041  00000-0  00000+0 0  9990
2 28184   0.0078 337.7308 0001878 333.1845 248.5783  1.00271027 43590
EUTELSAT 7A             
1 28187U 04008A   16031.89401352  .00000047  00000-0  00000-0 0  9992
2 28187   0.0645 359.8479 0003392 301.6956 157.8362  1.00274381 43404
DIRECTV 7S              
1 28238U 04016A   16033.52512328  .00000001  00000-0  00000+0 0  9995
2 28238   0.0277 341.6738 0002814 344.0435 236.3941  1.00271375 43091
AMC-11 (GE-11)          
1 28252U 04017A   16033.37725222  .00000069  00000-0  00000+0 0  9998
2 28252   0.0551 286.5392 0003106  37.9114 172.3361  1.00270354 42722
INTELSAT 10-02          
1 28358U 04022A   16032.78934150 -.00000012  00000-0  00000+0 0  9996
2 28358   0.0137 123.7249 0000217 141.3545 149.5069  1.00271830 42642
APSTAR 5 (TELSTAR 18)   
1 28364U 04024A   16032.68792380 -.00000295  00000-0  00000+0 0  9994
2 28364   0.0031 336.5345 0002764 337.0824 203.3251  1.00270732 42569
ANIK F2                 
1 28378U 04027A   16032.15905501 -.00000051  00000-0  00000+0 0  9995
2 28378   0.0199  27.1166 0000378   5.0136  44.8321  1.00272246 42366
AMAZONAS 1              
1 28393U 04031A   16032.35213873 -.00000287  00000-0  00000+0 0  9994
2 28393   0.7162  86.1696 0001984 240.2414 235.9406  1.00274201 42134
AMC-15                  
1 28446U 04041A   16032.35185887 -.00000090  00000-0  00000+0 0  9999
2 28446   0.0552 279.5742 0002163  18.5003 214.5277  1.00272602 41398
AMC-16                  
1 28472U 04048A   16032.42296520 -.00000207  00000-0  00000+0 0  9990
2 28472   0.0415 285.9728 0002600  24.0224 248.3080  1.00271348 40823
NSS-10 (AMC-12)         
1 28526U 05003A   16033.36042810 -.00000251  00000-0  00000+0 0  9996
2 28526   0.0567 280.8856 0002647  42.4505 260.9798  1.00272066 40334
XTAR-EUR                
1 28542U 05005A   16032.55500843  .00000150  00000-0  00000+0 0  9998
2 28542   0.0356 256.7985 0002778  51.4680  51.6884  1.00275111 40191
XM-3 (RHYTHM)           
1 28626U 05008A   16033.17025021 -.00000206  00000-0  00000+0 0  9996
2 28626   0.0137 102.3245 0000673 319.0673  46.5719  1.00269200 40083
INMARSAT 4-F1           
1 28628U 05009A   16033.24982629 -.00000261  00000-0  00000+0 0  9994
2 28628   2.8058   5.0001 0002956 307.6180  52.6760  1.00271562 39703
EXPRESS-AM2             
1 28629U 05010A   16032.51511471 -.00000138  00000-0  00000+0 0  9992
2 28629   1.3173  81.3515 0000599 296.0221  19.2412  1.00271771 39728
APSTAR 6                
1 28638U 05012A   16032.62235902 -.00000318  00000-0  00000+0 0  9998
2 28638   0.0177  80.0385 0002200 238.3202 170.9477  1.00273364 64429
SPACEWAY 1              
1 28644U 05015A   16033.44921866 -.00000103  00000-0  00000+0 0  9992
2 28644   0.0431 253.9453 0000356  64.0160 232.8930  1.00276646 39535
DIRECTV 8               
1 28659U 05019A   16031.91739705 -.00000117  00000-0  00000+0 0  9996
2 28659   0.0170 345.4401 0003325 334.1922  40.3221  1.00272344 39195
GALAXY 28 (G-28)        
1 28702U 05022A   16031.30849126 -.00000188  00000-0  00000+0 0  9999
2 28702   0.0137  76.2595 0000615 296.9883 138.7435  1.00274350 38827
EXPRESS-AM3             
1 28707U 05023A   16033.52481828 -.00000322  00000-0  00000+0 0  9992
2 28707   0.0260 163.7822 0000487 182.4339  77.8468  1.00270446 38872
THAICOM 4               
1 28786U 05028A   16033.24601825 -.00000363  00000-0  00000+0 0  9999
2 28786   0.0178  80.8859 0002179 236.3468  22.6759  1.00271705 38351
GALAXY 14 (G-14)        
1 28790U 05030A   16033.55363124  .00000036  00000-0  00000+0 0  9994
2 28790   0.0500 276.4277 0002386  37.7707 252.2775  1.00274599 38321
ANIK F1R                
1 28868U 05036A   16033.12443852 -.00000075  00000-0  00000+0 0  9990
2 28868   0.0138  55.3284 0002827 302.8246  71.0652  1.00271854 38175
GALAXY 15 (G-15)        
1 28884U 05041A   16033.37849609  .00000078  00000-0  00000+0 0  9993
2 28884   0.0137 349.6034 0001909 330.0437 175.5853  1.00270637 37641
SYRACUSE 3A             
1 28885U 05041B   16033.02508546  .00000128  00000-0  00000+0 0  9994
2 28885   0.0180  69.1022 0003882 249.3015 229.2423  1.00270721 37742
INMARSAT 4-F2           
1 28899U 05044A   16032.47341927  .00000011  00000-0  00000+0 0  9999
2 28899   2.4778   5.0764 0002880 311.3263  49.0124  1.00272468 37511
TELKOM 2                
1 28902U 05046A   16033.51179439 -.00000363  00000-0  00000+0 0  9990
2 28902   0.0393 239.8958 0001290  76.1096 118.3218  1.00268385 37268
SPACEWAY 2              
1 28903U 05046B   16032.48166833 -.00000127  00000-0  00000+0 0  9998
2 28903   0.0037 135.4357 0000155 323.0193 106.9722  1.00272545 37502
INSAT-4A                
1 28911U 05049A   16032.40522333 -.00000166  00000-0  00000+0 0  9996
2 28911   0.0552  98.1767 0006906 193.1392  68.5900  1.00270957 37102
METEOSAT-9 (MSG-2)      
1 28912U 05049B   16033.15908845  .00000061  00000-0  00000+0 0  9999
2 28912   1.2428  65.9146 0003281 245.2621 247.1737  1.00268935 37092
EUTELSAT 172A (GE-23)   
1 28924U 05052A   16033.50702010 -.00000007  00000-0  00000+0 0  9992
2 28924   0.0687  28.3630 0006152 285.2377 173.0295  1.00272143 37005
ECHOSTAR 10             
1 28935U 06003A   16033.49360032 -.00000056  00000-0  00000+0 0  9997
2 28935   0.0540 276.9675 0001674  67.3135 215.2945  1.00272386 36537
HIMAWARI-7 (MTSAT-2)    
1 28937U 06004A   16033.47711006 -.00000243  00000-0  00000+0 0  9997
2 28937   0.0153  81.5844 0003895 236.8256 130.4640  1.00271407 36376
SPAINSAT                
1 28945U 06007A   16032.71826338 -.00000217  00000-0  00000+0 0  9991
2 28945   0.0578 255.8995 0003921  23.9753  80.0610  1.00273048 36242
EUTELSAT 9A             
1 28946U 06007B   16032.61030086  .00000060  00000-0  00000+0 0  9993
2 28946   0.0583  76.2957 0005886 225.0967  58.5298  1.00271168 36328
JCSAT-5A                
1 29045U 06010A   16033.45197282 -.00000328  00000-0  00000+0 0  9991
2 29045   0.0340 266.9921 0001703  70.5865  89.2457  1.00271968 35968
ASTRA 1KR               
1 29055U 06012A   16033.28266147  .00000119  00000-0  00000+0 0  9999
2 29055   0.0652 274.5659 0003936   4.8284 333.4205  1.00269681 35765
GOES 13                 
1 29155U 06018A   16032.84204415 -.00000251  00000-0  00000+0 0  9995
2 29155   0.3036  96.4134 0002848 305.2226 318.3660  1.00268274 35538
EUTELSAT 113 WEST A     
1 29162U 06020A   16032.94826073 -.00000038  00000-0  00000+0 0  9990
2 29162   0.0038 317.7881 0002917 355.3469  46.8406  1.00270419 35484
THAICOM 5               
1 29163U 06020B   16032.96361623 -.00000122  00000-0  00000+0 0  9992
2 29163   0.0352 261.2730 0006897  46.1826 249.5272  1.00272386 35548
GALAXY 16 (G-16)        
1 29236U 06023A   16032.48166824 -.00000128  00000-0  00000+0 0  9995
2 29236   0.0430 251.1845 0002508  64.7437 249.5721  1.00272423 35271
EUTELSAT HOT BIRD 13B   
1 29270U 06032A   16031.74556194  .00000085  00000-0  00000+0 0  9995
2 29270   0.0630  15.2191 0005756 314.1759  82.3656  1.00273680 34861
JCSAT-3A                
1 29272U 06033A   16032.94592809 -.00000346  00000-0  00000+0 0  9995
2 29272   0.0535 270.4300 0001798  77.1506 252.5129  1.00270815 34775
SYRACUSE 3B             
1 29273U 06033B   16033.28746616 -.00000045  00000-0  00000+0 0  9997
2 29273   0.0205  82.7268 0005574 225.7556 281.7130  1.00270741 34762
KOREASAT 5 (MUGUNGWHA 5)
1 29349U 06034A   16032.77315892 -.00000359  00000-0  00000+0 0  9991
2 29349   0.0129  84.2423 0000509 267.6982 170.8457  1.00272058 34653
ZHONGXING-22A           
1 29398U 06038A   16032.94384123 -.00000319  00000-0  00000+0 0  9997
2 29398   4.9095  61.0315 0004957 222.1780 289.6356  1.00272536 34421
DIRECTV 9S              
1 29494U 06043A   16033.54813471 -.00000114  00000-0  00000+0 0  9993
2 29494   0.0070 123.2802 0003387 198.3680 266.7350  1.00271949 34123
OPTUS D1                
1 29495U 06043B   16032.49426013 -.00000112  00000-0  00000+0 0  9997
2 29495   0.0217 358.7993 0003085 318.7131 151.5359  1.00272251 34157
XM-4 (BLUES)            
1 29520U 06049A   16033.50593854 -.00000023  00000-0  00000+0 0  9994
2 29520   0.0017 113.3637 0000396 295.0138 150.6253  1.00271892 34018
BADR-4                  
1 29526U 06051A   16033.23225248  .00000144  00000-0  00000+0 0  9995
2 29526   0.0553 322.7302 0006178 356.1657 282.5503  1.00270683 33900
FENGYUN 2D              
1 29640U 06053A   16032.94341043 -.00000362  00000-0  10000-3 0  9991
2 29640   3.5224  67.0116 0000937  20.8355 146.9792  1.00269694 33575
WILDBLUE-1              
1 29643U 06054A   16033.49360032 -.00000050  00000-0  00000+0 0  9994
2 29643   0.0197 186.8258 0001703 138.5275 233.2670  1.00272425 33566
AMC-18                  
1 29644U 06054B   16032.35185825 -.00000090  00000-0  00000+0 0  9998
2 29644   0.0402 276.7761 0002657  37.9967 197.9237  1.00271813 33568
MEASAT-3                
1 29648U 06056A   16033.53687706 -.00000242  00000-0  00000+0 0  9999
2 29648   0.0306 158.7036 0000358 188.2660  69.9528  1.00273081 33587
KIKU-8 (ETS-VIII)       
1 29656U 06059A   16033.40157250 -.00000243  00000-0  00000+0 0  9994
2 29656   4.6545  62.2748 0005661 270.1001  89.9249  1.00273374 33466
INSAT-4B                
1 30793U 07007A   16033.01501456 -.00000259  00000-0  00000+0 0  9997
2 30793   0.1126  90.6997 0007456 201.4704 298.3532  1.00272517 32590
SKYNET 5A               
1 30794U 07007B   16032.84311110 -.00000272  00000-0  00000+0 0  9999
2 30794   0.0669   4.4986 0003554 309.8198 215.8243  1.00272743 32660
ANIK F3                 
1 31102U 07009A   16033.22603457 -.00000002  00000-0  00000+0 0  9997
2 31102   0.0135  90.7020 0002178 243.3018 120.4899  1.00272670 32356
ASTRA 1L                
1 31306U 07016A   16032.81206887  .00000119  00000-0  00000+0 0  9999
2 31306   0.0865 298.0969 0005198  11.4657 133.4046  1.00271278 32053
GALAXY 17 (G-17)        
1 31307U 07016B   16032.43543294 -.00000175  00000-0  00000+0 0  9997
2 31307   0.0246  10.6255 0004002 316.1745 230.0183  1.00272467 32089
ZHONGXING-6B            
1 31800U 07031A   16032.87830796 -.00000362  00000-0  00000+0 0  9994
2 31800   0.0105  86.8647 0003275 223.5777 252.7665  1.00270083 31489
DIRECTV 10              
1 31862U 07032A   16032.61461347 -.00000104  00000-0  00000+0 0  9991
2 31862   0.0379 258.7274 0000149  24.2339 326.6911  1.00272387 31410
SPACEWAY 3              
1 32018U 07036A   16033.49954914 -.00000153  00000-0  00000+0 0  9997
2 32018   0.0041 109.5297 0000285 231.6423 235.8402  1.00279030 31145
BSAT-3A                 
1 32019U 07036B   16032.33092728 -.00000351  00000-0  00000+0 0  9996
2 32019   0.0575 247.3043 0003100  25.3631  87.2768  1.00272740 31073
INSAT-4CR               
1 32050U 07037A   16032.01164760 -.00000079  00000-0  00000+0 0  9990
2 32050   0.0735 275.6675 0008164 355.7798 297.4206  1.00272084 30858
OPTUS D2                
1 32252U 07044A   16032.53065668 -.00000184  00000-0  00000+0 0  9993
2 32252   0.0205  14.4541 0003043 298.1552 161.5868  1.00272449 30450
INTELSAT 11 (IS-11)     
1 32253U 07044B   16033.33277720 -.00000269  00000-0  00000+0 0  9991
2 32253   0.0671 260.9492 0002728  54.2334 253.5640  1.00267658 30545
STAR ONE C1             
1 32293U 07056A   16032.81534624 -.00000277  00000-0  00000+0 0  9998
2 32293   0.0373 260.2225 0002780  63.9726  35.7664  1.00273457 30129
SKYNET 5B               
1 32294U 07056B   16032.81222133  .00000141  00000-0  00000+0 0  9997
2 32294   0.0651   0.7878 0004324 314.3246 133.8050  1.00268558 30211
ASTRA 4A (SIRIUS 4)     
1 32299U 07057A   16033.16364466  .00000032  00000-0  00000+0 0  9997
2 32299   0.0615 277.1686 0002692  30.8067 247.5183  1.00272414 29977
HORIZONS-2              
1 32388U 07063B   16032.95824532 -.00000183  00000-0  00000+0 0  9992
2 32388   0.0098  64.5048 0003023 263.1268 233.7557  1.00271721 29897
THURAYA-3               
1 32404U 08001A   16032.88836331 -.00000297  00000-0  00000+0 0  9992
2 32404   4.2772 349.0169 0004782 320.7507 240.1862  1.00271436 29541
EXPRESS-AM33            
1 32478U 08003A   16033.48140112 -.00000281  00000-0  00000+0 0  9990
2 32478   0.0479 245.7614 0000617  99.1892  56.9353  1.00271075 29642
THOR 5                  
1 32487U 08006A   16032.78934150 -.00000010  00000-0  00000+0 0  9998
2 32487   0.0511 261.0784 0002345  62.5321  91.1971  1.00273407 29197
KIZUNA (WINDS)          
1 32500U 08007A   16032.88243282 -.00000259  00000-0  00000+0 0  9990
2 32500   0.0909 268.2851 0002627  57.5544 266.3365  1.00271580 29049
AMC-14                  
1 32708U 08011A   16032.81218322  .00000113  00000-0  00000+0 0  9993
2 32708  18.1812  70.6930 0041671 350.0117  27.6785  1.00198427 30116
DIRECTV 11              
1 32729U 08013A   16032.48166900 -.00000126  00000-0  00000+0 0  9990
2 32729   0.0331 249.2475 0001030 134.1477 181.9223  1.00269068 28947
ICO G1                  
1 32763U 08016A   16032.23028425 -.00000167  00000-0  00000+0 0  9998
2 32763   4.0475 349.3860 0003453 325.4355 166.0857  1.00271205 28470
VINASAT-1               
1 32767U 08018A   16032.26984203 -.00000330  00000-0  00000+0 0  9994
2 32767   0.0414 270.1984 0001597  74.2976  15.4787  1.00271747 28612
STAR ONE C2             
1 32768U 08018B   16032.38486309 -.00000266  00000-0  00000+0 0  9990
2 32768   0.0317 165.4526 0000937 109.8769 284.2253  1.00272792 28553
TIANLIAN 1-01           
1 32779U 08019A   16032.70725919 -.00000136  00000-0  10000-3 0  9993
2 32779   1.7901  78.4607 0038366 221.2924 166.0539  1.00268897 28481
AMOS-3                  
1 32794U 08022A   16033.19060163 -.00000035  00000-0  00000+0 0  9994
2 32794   0.0428 258.1098 0002063  78.0468 220.2375  1.00271690 28465
GALAXY 18 (G-18)        
1 32951U 08024A   16030.98148153  .00000022  00000-0  00000+0 0  9996
2 32951   0.0129  67.3431 0002914 248.2682  44.3430  1.00272807 28089
CHINASAT 9 (ZX 9)       
1 33051U 08028A   16031.78522823 -.00000249  00000-0  00000+0 0  9993
2 33051   0.0056 358.5054 0004302 327.0095 179.7776  1.00271492 28011
SKYNET 5C               
1 33055U 08030A   16033.31029008 -.00000141  00000-0  00000+0 0  9999
2 33055   0.0641 347.7399 0003079 309.1065 288.9363  1.00270256 27915
TURKSAT 3A              
1 33056U 08030B   16033.15356998  .00000145  00000-0  00000+0 0  9996
2 33056   0.0398 193.5068 0003127 120.3799 275.1555  1.00273714 28099
INTELSAT 25 (IS-25)     
1 33153U 08034A   16033.30996991 -.00000225  00000-0  00000+0 0  9998
2 33153   0.0149 285.8604 0002573  11.7121 274.4260  1.00270511 27656
BADR-6                  
1 33154U 08034B   16033.23225248  .00000144  00000-0  00000+0 0  9990
2 33154   0.0522  25.2473 0004133 327.3371 248.8697  1.00275750 27771
ECHOSTAR 11             
1 33207U 08035A   16032.94004360 -.00000057  00000-0  00000+0 0  9991
2 33207   0.0428 265.4723 0003406  68.8203  25.6706  1.00271638 27676
SUPERBIRD-C2            
1 33274U 08038A   16032.43138910 -.00000253  00000-0  00000+0 0  9999
2 33274   0.0309 284.3299 0001188  41.0602 104.8985  1.00270428 27391
AMC-21                  
1 33275U 08038B   16033.37711231  .00000036  00000-0  00000+0 0  9995
2 33275   0.0288 323.1144 0002325 351.4934 188.2374  1.00272233 27483
INMARSAT 4-F3           
1 33278U 08039A   16032.61792704 -.00000136  00000-0  00000+0 0  9991
2 33278   3.0194 356.4947 0003093 315.5067 303.7022  1.00271193 27271
NIMIQ 4                 
1 33373U 08044A   16033.05691981 -.00000221  00000-0  00000+0 0  9992
2 33373   0.0200  78.1632 0002374 242.4491 109.5343  1.00270817 26854
GALAXY 19 (G-19)        
1 33376U 08045A   16033.54751380 -.00000140  00000-0  00000+0 0  9990
2 33376   0.0128  83.4134 0003039 241.3574 267.5257  1.00273014 26852
VENESAT-1               
1 33414U 08055A   16033.54370334 -.00000238  00000-0  00000+0 0  9998
2 33414   0.0461 266.6221 0001349  43.5704 299.6445  1.00270159 26577
ASTRA 1M                
1 33436U 08057A   16032.21315984  .00000118  00000-0  00000+0 0  9993
2 33436   0.0584  12.7688 0003713 352.9465 221.0397  1.00273732 26487
CIEL-2                  
1 33453U 08063A   16033.21080836  .00000057  00000-0  00000+0 0  9997
2 33453   0.0368 283.5296 0002786  34.0688 121.2556  1.00272700 26182
EUTELSAT HOT BIRD 13C   
1 33459U 08065A   16031.60211176  .00000085  00000-0  00000-0 0  9991
2 33459   0.0592  63.3603 0004303 287.5493   9.0612  1.00273533  9372
EUTELSAT 48D            
1 33460U 08065B   16033.11353675  .00000123  00000-0  00000+0 0  9994
2 33460   0.1065 295.7244 0001997 353.6170 291.3735  1.00277491 26126
FENGYUN 2E              
1 33463U 08066A   16033.52784718 -.00000203  00000-0  00000+0 0  9999
2 33463   1.2631  59.1327 0002837 214.1002 135.5364  1.00278835 26101
EXPRESS-AM44            
1 33595U 09007A   16032.78951059 -.00000090  00000-0  00000+0 0  9996
2 33595   0.0119 210.8508 0000747 151.1386  42.6300  1.00271823 25573
NSS-9                   
1 33749U 09008A   16033.36077855  .00000071  00000-0  00000+0 0  9994
2 33749   0.0412 285.8835 0001972  36.5825 122.4631  1.00273634 25587
EUTELSAT HOT BIRD 13D   
1 33750U 09008B   16031.74556194  .00000085  00000-0  00000-0 0  9990
2 33750   0.0260   2.2641 0003949 290.0880 119.4064  1.00273680 25464
TELSTAR 11N             
1 34111U 09009A   16031.33053721 -.00000253  00000-0  00000+0 0  9993
2 34111   0.0182  84.1777 0005010 204.8916 282.3490  1.00273287 25413
EUTELSAT 10A            
1 34710U 09016A   16032.28010291  .00000067  00000-0  00000+0 0  9998
2 34710   0.0641   5.7979 0005803 309.1373 286.7831  1.00271118 24975
SES-7 (PROTOSTAR 2)     
1 34941U 09027A   16032.77701360 -.00000346  00000-0  00000+0 0  9995
2 34941   0.0271  68.9328 0002519 224.1181 226.3183  1.00270612 24634
MEASAT-3A               
1 35362U 09032A   16033.37911825 -.00000242  00000-0  00000+0 0  9990
2 35362   0.0617 247.0465 0001847  32.4925  80.4207  1.00270453 24265
GOES 14                 
1 35491U 09033A   16032.92520728 -.00000092  00000-0  00000+0 0  9995
2 35491   0.0424 243.6742 0004746 353.0534 123.2073  1.00271535 24172
SIRIUS FM-5             
1 35493U 09034A   16033.11127366 -.00000146  00000-0  00000+0 0  9991
2 35493   0.0568 275.2885 0000621 289.7401 230.7477  1.00272296 23994
TERRESTAR-1             
1 35496U 09035A   16032.87717763 -.00000052  00000-0  00000+0 0  9999
2 35496   3.3178 335.9784 0003138 336.4790  23.7836  1.00272135 24171
ASIASAT 5               
1 35696U 09042A   16033.52527456 -.00000308  00000-0  00000+0 0  9994
2 35696   0.0104 239.1110 0001683  47.5224 135.0929  1.00274414 23697
JCSAT-RA (JCSAT-12)     
1 35755U 09044A   16032.28093845 -.00000346  00000-0  00000+0 0  9996
2 35755   0.0423  38.1387 0000485 287.4428  34.3951  1.00271955 23671
OPTUS D3                
1 35756U 09044B   16032.75150249 -.00000148  00000-0  00000+0 0  9991
2 35756   0.0553 319.0437 0004188   7.2995 231.5701  1.00271264 23648
PALAPA D                
1 35812U 09046A   16031.32515540 -.00000360  00000-0  00000+0 0  9993
2 35812   0.0293  86.3035 0001982 259.9722  13.6971  1.00271769 23674
NIMIQ 5                 
1 35873U 09050A   16033.08931159 -.00000257  00000-0  00000+0 0  9993
2 35873   0.0211  85.2522 0001783 234.2580 131.6653  1.00268876 23377
AMAZONAS 2              
1 35942U 09054A   16032.19477116 -.00000284  00000-0  00000+0 0  9993
2 35942   0.0497 242.2540 0003849  32.2384 225.4517  1.00271584 23201
COMSATBW-1              
1 35943U 09054B   16032.63678356  .00000023  00000-0  00000+0 0  9992
2 35943   0.0756  76.5518 0002554 249.4230  97.5088  1.00273632 23271
NSS-12                  
1 36032U 09058A   16031.48013969  .00000069  00000-0  00000+0 0  9991
2 36032   0.0615 280.4830 0002704  30.6552  48.8169  1.00272597 22943
THOR 6                  
1 36033U 09058B   16032.78934150 -.00000011  00000-0  00000+0 0  9998
2 36033   0.0197 167.4047 0002179 176.2214  71.0919  1.00272939 22975
INTELSAT 14 (IS-14)     
1 36097U 09064A   16032.75996591 -.00000275  00000-0  00000+0 0  9991
2 36097   0.0111  66.2129 0002456 263.9784  29.7947  1.00267560 22720
EUTELSAT 36B            
1 36101U 09065A   16032.20883432  .00000154  00000-0  00000+0 0  9992
2 36101   0.0770 327.8652 0004525 352.0430 281.9984  1.00271118 22818
INTELSAT 15 (IS-15)     
1 36106U 09067A   16032.96330845 -.00000185  00000-0  00000+0 0  9992
2 36106   0.0411 272.2887 0002565  55.8521 235.3692  1.00268828 22610
DIRECTV 12              
1 36131U 09075A   16033.44921734 -.00000105  00000-0  00000+0 0  9998
2 36131   0.0425 253.0090 0000576  69.1165 228.8383  1.00280837 22403
BEIDOU G1               
1 36287U 10001A   16033.44470321 -.00000284  00000-0  10000-3 0  9995
2 36287   1.5720   9.2349 0003194 226.3321 196.6701  1.00270642 22192
RADUGA-1M 2             
1 36358U 10002A   16032.95824532 -.00000184  00000-0  00000+0 0  9991
2 36358   0.0386 251.2385 0003042 103.1598 207.1394  1.00272815 22024
SDO                     
1 36395U 10005A   16031.40946198 -.00000060  00000-0  00000+0 0  9990
2 36395  28.2884 149.5399 0002391 174.6989 211.2457  1.00268732 22037
INTELSAT 16 (IS-16)     
1 36397U 10006A   16033.54848687 -.00000264  00000-0  00000+0 0  9990
2 36397   0.0144  43.8837 0001554 279.4834 293.6977  1.00360287 21759
GOES 15                 
1 36411U 10008A   16033.01000002  .00000089  00000-0  00000+0 0  9996
2 36411   0.0942 253.9958 0001734 357.8420 108.1236  1.00268241 21702
ECHOSTAR 14             
1 36499U 10010A   16032.34147826 -.00000001  00000-0  00000+0 0  9991
2 36499   0.0156  83.5333 0002616 223.2879 188.1984  1.00271325 21540
SES-1                   
1 36516U 10016A   16033.55101205 -.00000115  00000-0  00000+0 0  9998
2 36516   0.0444 278.9519 0002133  46.7199 263.8538  1.00271983 21156
ASTRA 3B                
1 36581U 10021A   16032.81217559  .00000136  00000-0  00000+0 0  9996
2 36581   0.0597  38.1617 0003138 272.1013 137.0160  1.00272470 20657
COMSATBW-2              
1 36582U 10021B   16032.81191641  .00000087  00000-0  00000+0 0  9995
2 36582   0.0036 120.8449 0002344 212.8847 103.1294  1.00272459 21001
BEIDOU G3               
1 36590U 10024A   16032.45057240 -.00000356  00000-0  00000+0 0  9993
2 36590   1.4645  29.2310 0004420 289.2198  85.3918  1.00269766 20790
BADR-5                  
1 36592U 10025A   16033.23225248  .00000144  00000-0  00000+0 0  9992
2 36592   0.0172 115.3328 0001981 165.5685 320.5200  1.00273311 20917
COMS 1                  
1 36744U 10032A   16032.94592809 -.00000345  00000-0  00000+0 0  9990
2 36744   0.0155  96.1978 0001378 252.6685 251.4388  1.00271863 20663
ARABSAT-5A              
1 36745U 10032B   16032.21207840  .00000152  00000-0  00000+0 0  9994
2 36745   0.0527   1.9412 0003697 314.4865 281.2772  1.00268493 20637
ECHOSTAR 15             
1 36792U 10034A   16033.11317664 -.00000283  00000-0  00000+0 0  9990
2 36792   0.0409 296.5135 0001928  37.0806 137.2381  1.00273087 20417
BEIDOU IGSO 1           
1 36828U 10036A   16032.88031956 -.00000077  00000-0  10000-3 0  9998
2 36828  54.2561 198.4589 0042116 213.0187 157.4932  1.00276148 20239
NILESAT 201             
1 36830U 10037A   16033.16379860 -.00000058  00000-0  00000+0 0  9997
2 36830   0.0579 211.3395 0003610 112.4990 219.8972  1.00272178 20304
RASCOM-QAF 1R           
1 36831U 10037B   16031.62993219  .00000016  00000-0  00000-0 0  9991
2 36831   0.0182  72.5321 0004551 244.1679  43.2428  1.00270666 20319
CHINASAT 6A (ZX 6A)     
1 37150U 10042A   16032.88801359 -.00000354  00000-0  00000+0 0  9999
2 37150   0.0415 253.3703 0001421 277.6535  45.2418  1.00272305 19918
XM-5                    
1 37185U 10053A   16032.42296520 -.00000207  00000-0  00000+0 0  9994
2 37185   0.0360 265.3301 0000270 341.8511 310.9219  1.00276390 19459
BSAT-3B                 
1 37207U 10056B   16033.51951638 -.00000351  00000-0  00000+0 0  9991
2 37207   0.0782 303.6512 0005132  20.6456 104.7078  1.00271399 19304
BEIDOU G4               
1 37210U 10057A   16032.49402575 -.00000112  00000-0  00000+0 0  9998
2 37210   0.8905  47.7174 0006942 187.7166 233.6107  1.00272663 19294
SKYTERRA 1              
1 37218U 10061A   16031.82554577 -.00000115  00000-0  00000+0 0  9990
2 37218   3.8388 326.0902 0002522 172.4581 187.7727  1.00272700 19237
ZHONGXING-20A           
1 37234U 10064A   16033.45423292 -.00000337  00000-0  00000+0 0  9997
2 37234   0.0965 263.4761 0005516  72.4868  89.7333  1.00271863 19058
HYLAS 1                 
1 37237U 10065A   16032.34060519 -.00000235  00000-0  00000+0 0  9994
2 37237   0.0503 291.5389 0002012  30.4930 258.0762  1.00272718 19012
INTELSAT 17 (IS-17)     
1 37238U 10065B   16033.02331904 -.00000002  00000-0  00000+0 0  9992
2 37238   0.0398 254.9482 0002949  62.1638 248.9132  1.00272417 18933
BEIDOU IGSO 2           
1 37256U 10068A   16033.43809881 -.00000229  00000-0  10000-3 0  9990
2 37256  53.7425 317.0794 0040868 208.2210 244.2143  1.00282283 18828
EUTELSAT KA-SAT 9A      
1 37258U 10069A   16032.61047354  .00000060  00000-0  00000+0 0  9998
2 37258   0.0390 282.5683 0001812 140.1944 297.2357  1.00270205 18830
HISPASAT 1E             
1 37264U 10070A   16033.35082197 -.00000216  00000-0  00000+0 0  9997
2 37264   0.0202 165.0019 0001506 170.8302 252.4001  1.00279663 18684
KOREASAT 6              
1 37265U 10070B   16033.51407858 -.00000362  00000-0  00000+0 0  9993
2 37265   0.0182  74.0696 0002097 254.1468 104.9967  1.00269005 18712
ELEKTRO-L 1 (GOMS 2)    
1 37344U 11001A   16032.76767152 -.00000099  00000-0  00000+0 0  9995
2 37344   1.4353  79.9384 0004373 154.1274 249.6370  1.00272842 18488
BEIDOU IGSO 3           
1 37384U 11013A   16032.45371998 -.00000176  00000-0  10000-3 0  9998
2 37384  57.2073  78.2152 0028001 201.1125 132.3335  1.00303418 17681
INTELSAT NEW DAWN       
1 37392U 11016A   16031.70462953  .00000154  00000-0  00000+0 0  9999
2 37392   0.0112 243.4711 0000833 192.9582 340.3870  1.00273619 17521
YAHSAT 1A               
1 37393U 11016B   16029.05709804  .00000094  00000-0  00000+0 0  9997
2 37393   0.0044 302.9871 0003119 351.8954 265.9105  1.00274247 17546
TELSTAR 14R             
1 37602U 11021A   16031.39867472 -.00000282  00000-0  00000+0 0  9992
2 37602   0.0205 333.8065 0002752 332.3781 264.3617  1.00272299 17782
GSAT-8                  
1 37605U 11022A   16031.81715291  .00000083  00000-0  00000-0 0  9993
2 37605   0.0456 263.2635 0007571  14.9327 201.5135  1.00273994 15245
ST-2                    
1 37606U 11022B   16032.01472682 -.00000213  00000-0  00000+0 0  9996
2 37606   0.0167  95.0509 0001558 213.0331 275.8664  1.00271535 17255
CHINASAT 10 (ZX 10)     
1 37677U 11026A   16033.51906497 -.00000353  00000-0  00000+0 0  9995
2 37677   0.0355 257.7263 0004266 349.6171 182.1655  1.00270371 16990
TIANLIAN 1-02           
1 37737U 11032A   16032.81564848 -.00000017  00000-0  00000+0 0  9998
2 37737   1.5761  79.8180 0001123  16.3412 139.8998  1.00270122 16735
GSAT-12                 
1 37746U 11034A   16033.08327972 -.00000165  00000-0  00000+0 0  9999
2 37746   0.1243 266.9189 0003831 220.0084 117.7215  1.00272077 16985
SES-3                   
1 37748U 11035A   16033.44928696 -.00000104  00000-0  00000+0 0  9995
2 37748   0.0626 276.2325 0002838  42.9873 231.5848  1.00281146 16715
KAZSAT-2                
1 37749U 11035B   16032.06943149 -.00000199  00000-0  00000+0 0  9997
2 37749   0.0352 233.2216 0001262 152.6453 216.3395  1.00271822 16579
BEIDOU IGSO 4           
1 37763U 11038A   16032.88052547 -.00000018  00000-0  10000-3 0  9994
2 37763  54.5663 200.7403 0034997 199.6488 143.6172  1.00265778 16658
ASTRA 1N                
1 37775U 11041A   16032.21381626  .00000119  00000-0  00000+0 0  9997
2 37775   0.0114  70.6016 0000406 282.5358 233.8530  1.00274001 16400
BSAT-3C (JCSAT-110R)    
1 37776U 11041B   16033.46448144 -.00000351  00000-0  00000+0 0  9994
2 37776   0.0278 313.6637 0000612 117.0442 338.5460  1.00271630 16563
PAKSAT-1R               
1 37779U 11042A   16031.19889659  .00000151  00000-0  00000+0 0  9993
2 37779   0.0257 144.3982 0002450 139.7686 315.2669  1.00271681 16275
CHINASAT 1A (ZX 1A)     
1 37804U 11047A   16033.28827631 -.00000339  00000-0  00000+0 0  9990
2 37804   0.0561 259.2132 0003788  59.3019  46.9706  1.00269103 16105
COSMOS 2473             
1 37806U 11048A   16032.41397746 -.00000136  00000-0  00000+0 0  9991
2 37806   0.0421  81.0591 0001591 337.7542 301.1822  1.00270683 16083
SES-2                   
1 37809U 11049A   16032.54117898 -.00000197  00000-0  00000+0 0  9994
2 37809   0.0366 285.3516 0002133  18.7072 294.9299  1.00272262 16023
ARABSAT-5C              
1 37810U 11049B   16033.28266147  .00000123  00000-0  00000+0 0  9998
2 37810   0.0636 353.9703 0002287 296.5046 323.1559  1.00274052 15923
EUTELSAT 7 WEST A       
1 37816U 11051A   16032.65543095 -.00000061  00000-0  00000+0 0  9999
2 37816   0.0764  43.6514 0004123 250.5119  65.7737  1.00272982 15989
QUETZSAT 1              
1 37826U 11054A   16033.33200726 -.00000242  00000-0  00000+0 0  9991
2 37826   0.0263 332.0602 0002975 355.6483 206.7488  1.00270973 16115
INTELSAT 18 (IS-18)     
1 37834U 11056A   16033.20698825  .00000052  00000-0  00000+0 0  9997
2 37834   0.0249  82.5062 0002114 251.7391  52.1016  1.00271157 15871
EUTELSAT 16A            
1 37836U 11057A   16033.27942657  .00000104  00000-0  00000+0 0  9990
2 37836   0.0701 339.3038 0004448 335.3157 293.8623  1.00276846 15804
VIASAT-1                
1 37843U 11059A   16033.50058730 -.00000024  00000-0  00000+0 0  9998
2 37843   0.0197  84.8235 0002339 235.0624 237.3542  1.00270350 16295
ASIASAT 7               
1 37933U 11069A   16032.88299560 -.00000334  00000-0  00000+0 0  9991
2 37933   0.0386 261.6799 0001442  22.3966 270.7878  1.00269846 15486
BEIDOU IGSO 5           
1 37948U 11073A   16033.00363272 -.00000168  00000-0  10000-3 0  9999
2 37948  53.8355 316.5397 0037086 205.8693  64.9232  1.00285633 15418
LUCH 5A                 
1 37951U 11074B   16033.25189035 -.00000045  00000-0  00000+0 0  9993
2 37951   1.8923 223.3235 0002900  90.6990  75.4858  1.00273657 15200
NIGCOMSAT 1R            
1 38014U 11077A   16031.81680225  .00000143  00000-0  00000+0 0  9992
2 38014   0.0190 248.7533 0003359  22.7731 195.4448  1.00273845 15036
FENGYUN 2F              
1 38049U 12002A   16033.51710882 -.00000356  00000-0  00000+0 0  9998
2 38049   0.7151  72.2614 0000566 245.1004 112.4708  1.00260313 14919
SES-4                   
1 38087U 12007A   16033.22229606 -.00000169  00000-0  00000+0 0  9994
2 38087   0.0181  25.9094 0002112 269.6817 254.2516  1.00270376 14503
BEIDOU G5               
1 38091U 12008A   16032.64123682  .00000054  00000-0  00000+0 0  9994
2 38091   1.4358  42.5139 0002594 221.8923 156.4461  1.00276305 14494
INTELSAT 22 (IS-22)     
1 38098U 12011A   16032.43558809 -.00000057  00000-0  00000+0 0  9999
2 38098   0.0225   2.6566 0002669 328.0341  29.2741  1.00261716 14068
APSTAR 7                
1 38107U 12013A   16031.60474432 -.00000103  00000-0  00000+0 0  9991
2 38107   0.0407  74.2151 0002504 230.7649 119.4715  1.00271793 14175
YAHSAT 1B               
1 38245U 12016A   16030.11080755  .00000122  00000-0  00000+0 0  9993
2 38245   0.0149  93.2562 0002872 196.4653 286.5316  1.00272957 13905
JCSAT-13                
1 38331U 12023A   16033.28909789 -.00000357  00000-0  00000+0 0  9996
2 38331   0.0089   5.9613 0002087 326.4246  27.5836  1.00271286 13591
VINASAT-2               
1 38332U 12023B   16033.30370685 -.00000329  00000-0  00000+0 0  9996
2 38332   0.0419 266.9575 0002386  72.3055  33.8219  1.00271878 13640
NIMIQ 6                 
1 38342U 12026A   16032.88765520 -.00000174  00000-0  00000+0 0  9996
2 38342   0.0512 267.4376 0002362  55.1221  37.4041  1.00272281 13617
CHINASAT 2A (ZX 2A)     
1 38352U 12028A   16033.57633882 -.00000293  00000-0  00000+0 0  9993
2 38352   0.0545 254.8333 0005672  79.7240 103.3503  1.00270544 13668
INTELSAT 19 (IS-19)     
1 38356U 12030A   16033.17273127 -.00000058  00000-0  00000+0 0  9997
2 38356   0.0289 304.3409 0002991  10.7534  44.8620  1.00271567 13535
ECHOSTAR 17             
1 38551U 12035A   16031.93470767 -.00000077  00000-0  00000+0 0  9991
2 38551   0.0170  79.5557 0002480 220.2288  60.1700  1.00271490 13134
METEOSAT-10 (MSG-3)     
1 38552U 12035B   16032.63491655 -.00000003  00000-0  00000+0 0  9998
2 38552   0.5133  87.1900 0001074 206.9736  65.8054  1.00278961 13238
SES-5                   
1 38652U 12036A   16033.15567775  .00000033  00000-0  00000+0 0  9997
2 38652   0.0482 267.8406 0001865  50.0599 234.8912  1.00272112 13088
TIANLIAN 1-03           
1 38730U 12040A   16032.72155451  .00000124  00000-0  00000+0 0  9996
2 38730   0.0288 115.8606 0001992 265.3023  30.2801  1.00274201 13005
INTELSAT 20 (IS-20)     
1 38740U 12043A   16032.44563220 -.00000028  00000-0  00000+0 0  9990
2 38740   0.0133  61.6123 0001044 154.7608 143.5997  1.00283388 12846
HYLAS 2                 
1 38741U 12043B   16032.54940971  .00000153  00000-0  00000+0 0  9992
2 38741   0.0072  86.9304 0001813 245.8041  27.2560  1.00270288 12868
INTELSAT 21 (IS-21)     
1 38749U 12045A   16031.46360271 -.00000287  00000-0  00000+0 0  9990
2 38749   0.0152 353.3247 0002562 321.2235 284.4573  1.00271834 12632
ASTRA 2F                
1 38778U 12051A   16031.55995513  .00000148  00000-0  00000+0 0  9997
2 38778   0.0836 248.8885 0003367  14.8177  96.2340  1.00272081 12291
GSAT-10                 
1 38779U 12051B   16032.40533247 -.00000166  00000-0  00000+0 0  9996
2 38779   0.0889 265.1338 0001669  14.2427  80.5844  1.00272756 12306
INTELSAT 23 (IS-23)     
1 38867U 12057A   16032.09370705 -.00000286  00000-0  00000+0 0  9996
2 38867   0.0019 339.7435 0002032 335.8125 155.9016  1.00272167 12121
BEIDOU G6               
1 38953U 12059A   16033.52838911 -.00000137  00000-0  10000-3 0  9991
2 38953   0.6411  75.5899 0003148 210.4437 116.3400  1.00271061 12075
LUCH 5B                 
1 38977U 12061A   16032.78966928 -.00000133  00000-0  00000+0 0  9998
2 38977   2.5435  78.6455 0004179 217.2803 103.4290  1.00269538 12189
YAMAL 300K              
1 38978U 12061B   16032.51168075  .00000070  00000-0  00000+0 0  9996
2 38978   0.0231 133.0536 0000542 328.9701  36.2792  1.00273067 11888
STAR ONE C3             
1 38991U 12062A   16032.40762380 -.00000250  00000-0  00000+0 0  9990
2 38991   0.0224 298.6568 0002829  21.5008 242.6240  1.00272174 11861
EUTELSAT 21B            
1 38992U 12062B   16032.57563860  .00000130  00000-0  00000+0 0  9997
2 38992   0.0663 354.7789 0001950  11.1517 354.0518  1.00280301 11881
ECHOSTAR 16             
1 39008U 12065A   16031.80839482 -.00000283  00000-0  00000-0 0  9991
2 39008   0.0155  82.7117 0002619 225.5311  51.7125  1.00272596 11641
CHINASAT 12 (ZX 12)     
1 39017U 12067A   16033.02544480 -.00000207  00000-0  00000+0 0  9995
2 39017   0.0244  88.8658 0003174 226.9381 272.4954  1.00271274 11729
EUTELSAT 70B            
1 39020U 12069A   16032.44009404 -.00000044  00000-0  00000+0 0  9997
2 39020   0.0609  12.7137 0003326 276.1197  71.1104  1.00272261 11624
YAMAL 402               
1 39022U 12070A   16033.08109666  .00000085  00000-0  10000-3 0  9992
2 39022   0.0466 265.9290 0001408 108.9324 200.9397  1.00274674 11617
SKYNET 5D               
1 39034U 12075A   16032.64622311  .00000098  00000-0  00000+0 0  9997
2 39034   0.0695  12.6318 0003799 301.3284 102.6758  1.00272860 11536
MEXSAT 3                
1 39035U 12075B   16032.95330498 -.00000026  00000-0  00000+0 0  9996
2 39035   0.0460 245.9160 0002167  58.0857  55.9580  1.00271852 11491
TDRS 11                 
1 39070U 13004A   16032.02734208  .00000098  00000-0  00000+0 0  9991
2 39070   6.0002 329.4411 0011145 285.5670  74.4454  1.00278748 10992
AMAZONAS 3              
1 39078U 13006A   16032.80430132 -.00000283  00000-0  00000+0 0  9993
2 39078   0.0270 171.9220 0000724 125.8118  62.2390  1.00272571 10984
AZERSPACE 1             
1 39079U 13006B   16030.51340705  .00000129  00000-0  00000+0 0  9994
2 39079   0.0106  52.8491 0002208 274.7971  32.3170  1.00272249 10920
EUTELSAT 117 WEST A     
1 39122U 13012A   16031.96160374 -.00000014  00000-0  00000+0 0  9996
2 39122   0.0215  82.4628 0002666 228.6762  48.8171  1.00271181 10472
ANIK G1                 
1 39127U 13014A   16032.93252177 -.00000075  00000-0  00000+0 0  9991
2 39127   0.0090  76.3606 0002668 222.5954  61.0172  1.00270244 10279
CHINASAT 11 (ZX 11)     
1 39157U 13020A   16033.57841174 -.00000292  00000-0  00000+0 0  9994
2 39157   0.0140 156.4212 0002057 162.3891 119.6448  1.00273317 10173
EUTELSAT 7B             
1 39163U 13022A   16032.61588968  .00000047  00000-0  00000+0 0  9993
2 39163   0.0469 329.1920 0005364  16.4091  14.3635  1.00274627 10011
SES-6                   
1 39172U 13026A   16032.40795241 -.00000262  00000-0  00000+0 0  9998
2 39172   0.0250 345.4722 0002006 326.6831 285.2432  1.00273259  9739
IRNSS-1A                
1 39199U 13034A   16030.83166895  .00000096  00000-0  00000-0 0  9993
2 39199  28.0606 123.9050 0021358 185.6008 174.3545  1.00275154  9364
ALPHASAT                
1 39215U 13038A   16032.81221370  .00000138  00000-0  00000+0 0  9992
2 39215   1.1509  32.5228 0001922 278.0197 138.1002  1.00272250  9281
INSAT-3D                
1 39216U 13038B   16032.40794032 -.00000157  00000-0  00000+0 0  9990
2 39216   0.0865 260.0599 0001389  61.2491  38.6607  1.00271374  9315
EUTELSAT 25B            
1 39233U 13044A   16032.56475583  .00000142  00000-0  00000+0 0  9993
2 39233   0.0473   5.2987 0001828 312.5085  42.1587  1.00270961  8911
GSAT-7                  
1 39234U 13044B   16032.43010110 -.00000078  00000-0  00000+0 0  9990
2 39234   0.1381 269.5714 0008015  14.1834  76.1355  1.00272394  8918
AMOS-4                  
1 39237U 13045A   16031.45801426  .00000005  00000-0  00000+0 0  9992
2 39237   0.0073  30.6298 0002446 275.6114  53.7146  1.00272345  8891
ASTRA 2E                
1 39285U 13056A   16031.55911156  .00000148  00000-0  00000+0 0  9998
2 39285   0.0465  10.4820 0001903 291.9716  57.5066  1.00274711  8591
SIRIUS FM-6             
1 39360U 13058A   16032.95711348 -.00000018  00000-0  00000+0 0  9997
2 39360   0.0206  52.7518 0000276 266.2122  41.0143  1.00270692  8362
RADUGA-1M 3             
1 39375U 13062A   16032.51890836 -.00000040  00000-0  00000+0 0  9995
2 39375   0.0351 121.5970 0002526 181.9807  84.3771  1.00273064  8148
SES-8                   
1 39460U 13071A   16033.36946495 -.00000270  00000-0  00000+0 0  9992
2 39460   0.0611 266.9712 0001526  98.1132 354.8978  1.00272445  7896
INMARSAT 5-F1           
1 39476U 13073A   16033.01914284  .00000027  00000-0  00000+0 0  9993
2 39476   0.0170  85.0745 0000624 339.5957 136.4343  1.00274265  7942
TKSAT-1 (TUPAC KATARI)  
1 39481U 13075A   16032.54117898 -.00000196  00000-0  00000+0 0  9992
2 39481   0.0189 167.0310 0001786 129.4454 302.3131  1.00274032  7856
EXPRESS-AM5             
1 39487U 13077A   16033.26329167 -.00000281  00000-0  00000+0 0  9999
2 39487   0.0433 252.5685 0000613 180.7855 293.3434  1.00272218  8403
GSAT-14                 
1 39498U 14001A   16032.43021349 -.00000078  00000-0  00000+0 0  9992
2 39498   0.0719 264.4231 0004953  31.5464  63.9591  1.00272572  7598
THAICOM 6               
1 39500U 14002A   16032.70680779 -.00000123  00000-0  00000+0 0  9996
2 39500   0.0544 126.6740 0000653 317.2255  20.3692  1.00275273  7542
TDRS 12                 
1 39504U 14004A   16032.68500292 -.00000265  00000-0  00000+0 0  9997
2 39504   6.4678 336.9141 0003814 306.7910  53.2972  1.00274605  7463
ABS-2                   
1 39508U 14006A   16031.43049236 -.00000088  00000-0  00000+0 0  9994
2 39508   0.0202 317.3467 0002843 351.4221  51.1841  1.00272508  7335
ATHENA-FIDUS            
1 39509U 14006B   16028.54154797  .00000146  00000-0  00000+0 0  9996
2 39509   0.0165  74.0595 0001472 248.4854  37.4179  1.00273382  7474
TURKSAT 4A              
1 39522U 14007A   16032.20848302  .00000145  00000-0  00000+0 0  9991
2 39522   0.0774 270.4690 0004629  19.8950 317.5056  1.00270844  7215
EXPRESS-AT1             
1 39612U 14010A   16033.11371207  .00000078  00000-0  00000+0 0  9996
2 39612   0.0427 256.7041 0000103 205.3974 126.5667  1.00273699  7068
EXPRESS-AT2             
1 39613U 14010B   16033.44470321 -.00000282  00000-0  00000+0 0  9998
2 39613   0.0481 259.2204 0000843 231.1811 301.5830  1.00271519  6904
AMAZONAS 4A             
1 39616U 14011A   16032.80413634 -.00000284  00000-0  00000+0 0  9997
2 39616   0.0620  70.6061 0004117 277.8936  11.4710  1.00272970  6884
ASTRA 5B                
1 39617U 14011B   16032.81238141  .00000154  00000-0  00000+0 0  9992
2 39617   0.0390 326.1884 0002417 343.5333 145.6630  1.00271095  6882
IRNSS-1B                
1 39635U 14017A   16031.32691154  .00000070  00000-0  00000-0 0  9998
2 39635  29.9741 302.7019 0017938 187.2395 172.7870  1.00276256  6596
LUCH 5V                 
1 39727U 14023A   16033.56406337 -.00000266  00000-0  00000+0 0  9999
2 39727   3.6530 300.3325 0003508  20.7233 108.9297  1.00273882524543
KAZSAT 3                
1 39728U 14023B   16032.47326983  .00000060  00000-0  00000+0 0  9998
2 39728   0.0115  50.4078 0000497 302.9945   6.5769  1.00269420  6456
EUTELSAT 3B             
1 39773U 14030A   16033.11249240  .00000018  00000-0  00000+0 0  9991
2 39773   0.0648 344.8258 0002416 275.9074 274.5839  1.00267869  6238
ASIASAT 8               
1 40107U 14046A   16033.34089618 -.00000333  00000-0  00000+0 0  9998
2 40107   0.0396 269.4744 0000859  40.4332  50.0655  1.00270043  5526
ASIASAT 6               
1 40141U 14052A   16032.60216947 -.00000363  00000-0  00000+0 0  9991
2 40141   0.0163 105.1807 0000503 238.9064 123.8206  1.00272638  5178
OPTUS 10                
1 40146U 14054A   16033.17837015 -.00000076  00000-0  00000+0 0  9997
2 40146   0.0369  82.2636 0001497 252.6874  25.0223  1.00271295  5148
MEASAT-3B               
1 40147U 14054B   16033.37915913 -.00000242  00000-0  00000+0 0  9999
2 40147   0.0433 307.5376 0002235  15.4000  37.0277  1.00271776  5193
LUCH (OLYMP)            
1 40258U 14058A   16033.19067024 -.00000012  00000-0  00000+0 0  9992
2 40258   0.0449 239.4060 0001478 284.8391  35.1080  1.00272592  4950
HIMAWARI 8              
1 40267U 14060A   16032.24568876 -.00000277  00000-0  00000+0 0  9994
2 40267   0.0340 261.7775 0000701  56.9548  41.2419  1.00270452  4879
IRNSS-1C                
1 40269U 14061A   16031.14242233 -.00000162  00000-0  00000+0 0  9994
2 40269   4.0172 263.9287 0021922  14.1484 345.9687  1.00269654  4821
INTELSAT 30 (IS-30)     
1 40271U 14062A   16033.49954914 -.00000151  00000-0  00000+0 0  9992
2 40271   0.0123 120.3005 0001053  44.1558  52.4366  1.00271189  4783
ARSAT 1                 
1 40272U 14062B   16032.47999571 -.00000261  00000-0  00000+0 0  9990
2 40272   0.0392 261.9915 0001215  61.7844 268.3304  1.00271839  4891
EXPRESS-AM6             
1 40277U 14064A   16031.69059928  .00000096  00000-0  00000+0 0  9998
2 40277   0.0306 142.5194 0000292 219.6761  69.7326  1.00272152  4683
GSAT-16                 
1 40332U 14078A   16032.48305684  .00000084  00000-0  00000+0 0  9993
2 40332   0.0644  96.1932 0002816 348.1884 275.6305  1.00273175  4278
DIRECTV 14              
1 40333U 14078B   16031.53287909 -.00000129  00000-0  00000+0 0  9999
2 40333   0.0125  73.8969 0000319 217.2782 291.6223  1.00281161  4242
YAMAL 401               
1 40345U 14082A   16032.70575021 -.00000229  00000-0  00000+0 0  9993
2 40345   0.0404 137.8283 0000586 169.1865 168.3007  1.00270468  4426
ASTRA 2G                
1 40364U 14089A   16031.56002352  .00000148  00000-0  00000+0 0  9995
2 40364   0.0428 319.8443 0003483  57.8914 342.2549  1.00270477  4020
FENGYUN 2G              
1 40367U 14090A   16032.88299560 -.00000329  00000-0  00000+0 0  9997
2 40367   1.4713 274.1242 0002474 249.0171  30.8779  1.00274114  4054
INMARSAT 5-F2           
1 40384U 15005A   16033.21901332 -.00000286  00000-0  00000+0 0  9990
2 40384   0.0182  83.7381 0000537 343.5992  88.3625  1.00272302  3699
ABS-3A                  
1 40424U 15010A   16032.71832359 -.00000027  00000-0  00000+0 0  9990
2 40424   0.0069  96.7568 0001598 132.2567 157.9604  1.00272629  3421
EUTELSAT 115 WEST B     
1 40425U 15010B   16032.46725800 -.00000026  00000-0  00000+0 0  9994
2 40425   0.0228 205.9994 0000455 166.5619 171.8108  1.00271839  3443
EXPRESS-AM7             
1 40505U 15012A   16032.21419662  .00000149  00000-0  00000+0 0  9999
2 40505   0.0198  72.7560 0001886 235.5677 299.6086  1.00274101  3367
IRNSS-1D                
1 40547U 15018A   16032.16737450 -.00000307  00000-0  00000+0 0  9990
2 40547  29.9784 302.8383 0018704 181.3612 178.6855  1.00271692  3258
BEIDOU I1-S             
1 40549U 15019A   16033.01197078 -.00000179  00000-0  00000+0 0  9991
2 40549  54.8059 339.4859 0041063 181.4389  69.9619  1.00290639  3096
THOR 7                  
1 40613U 15022A   16032.63711759 -.00000009  00000-0  00000+0 0  9994
2 40613   0.0403 251.8695 0002455  67.0643  41.0277  1.00271736  2832
TURKMENALEM52E/MONACOSAT
1 40617U 15023A   16032.49122031  .00000103  00000-0  00000+0 0  9996
2 40617   0.0120  40.2331 0002430 270.3588  49.3667  1.00274710  2861
DIRECTV 15              
1 40663U 15026A   16032.91998551 -.00000104  00000-0  00000+0 0  9997
2 40663   0.0224  80.1283 0000301 147.1903 132.6592  1.00269511  2566
SKY MEXICO-1            
1 40664U 15026B   16030.85908487 -.00000237  00000-0  00000-0 0  9996
2 40664   0.0093  47.2540 0002078 290.9566  21.7579  1.00272398  2566
METEOSAT-11 (MSG-4)     
1 40732U 15034A   16032.37015791 -.00000029  00000-0  00000+0 0  9995
2 40732   2.7843 260.6055 0002124  69.3705 290.7074  1.00268015  2054
STAR ONE C4             
1 40733U 15034B   16033.24141037 -.00000266  00000-0  00000+0 0  9999
2 40733   0.0233  30.6289 0002904 303.0754 175.0516  1.00272003  2059
INTELSAT 34             
1 40874U 15039A   16032.35213873 -.00000287  00000-0  00000+0 0  9992
2 40874   0.0005 350.1830 0000636 264.1990 307.8711  1.00278163  1686
EUTELSAT 8 WEST B       
1 40875U 15039B   16032.65749265 -.00000067  00000-0  00000+0 0  9991
2 40875   0.0569  10.6203 0003481 298.7668  50.5622  1.00271729  1718
GSAT-6                  
1 40880U 15041A   16032.40513493 -.00000165  00000-0  00000+0 0  9994
2 40880   0.8677 274.1149 0010303   6.7204  79.0274  1.00270713  1645
INMARSAT 5-F3           
1 40882U 15042A   16033.13514388  .00000050  00000-0  00000+0 0  9994
2 40882   0.0172  85.5541 0000527 188.3682  86.0523  1.00279463  1571
TJS-1                   
1 40892U 15046A   16033.59412439 -.00000156  00000-0  00000+0 0  9991
2 40892   0.0708 254.6141 0006287  93.0337 153.4609  1.00273850  1578
EXPRESS-AM8             
1 40895U 15048A   16033.23436936 -.00000112  00000-0  00000+0 0  9997
2 40895   0.0446 256.2214 0000264 126.2344 179.7527  1.00272244  1391
BEIDOU I2-S             
1 40938U 15053A   16033.58382571 -.00000156  00000-0  00000+0 0  9992
2 40938  54.8738 302.3208 0042645 166.1238 331.4532  1.00271617  1385
SKY MUSTER (NBN1A)      
1 40940U 15054A   16033.24408862 -.00000280  00000-0  00000+0 0  9999
2 40940   0.0091  96.2682 0001701 226.8141  36.9060  1.00269069  1317
ARSAT 2                 
1 40941U 15054B   16031.86274601 -.00000226  00000-0  00000+0 0  9998
2 40941   0.0101 288.5632 0001610  18.8779  52.5234  1.00271600  1328
MORELOS 3               
1 40946U 15056A   16031.87281613 -.00000041  00000-0  00000+0 0  9992
2 40946   7.0074 331.4953 0003190 359.4140   0.6966  1.00272495  1299
APSTAR 9                
1 40982U 15059A   16033.23916066 -.00000266  00000-0  00000+0 0  9993
2 40982   0.0633 268.5412 0002880   1.3868  90.0196  1.00274051  1184
TURKSAT 4B              
1 40984U 15060A   16032.49685876  .00000114  00000-0  00000+0 0  9997
2 40984   0.0234 280.0067 0002271  30.2936  49.6597  1.00270067  1132
CHINASAT 2C (ZX 2C)     
1 41021U 15063A   16032.48050631 -.00000324  00000-0  00000+0 0  9991
2 41021   0.3933 270.8581 0003177 117.6158  19.0075  1.00268707  1022
GSAT-15                 
1 41028U 15065A   16032.95471292 -.00000258  00000-0  00000+0 0  9998
2 41028   0.0910 269.5327 0001680  32.8393 266.4031  1.00270420   877
BADR-7 (ARABSAT-6B)     
1 41029U 15065B   16033.23225248  .00000144  00000-0  00000+0 0  9992
2 41029   0.0430 250.5709 0004005   9.4124 341.4446  1.00271291   922
LAOSAT 1                
1 41034U 15067A   16031.29640969 -.00000345  00000-0  00000+0 0  9999
2 41034   0.0168 255.3007 0001255 316.1907 153.6599  1.00274085   860
TELSTAR 12V             
1 41036U 15068A   16032.21909477 -.00000120  00000-0  00000+0 0  9998
2 41036   0.0388 238.4875 0001524  61.9160 254.3200  1.00272349   731
CHINASAT 1C (ZX 1C)     
1 41103U 15073A   16033.08869132 -.00000151  00000-0  00000+0 0  9992
2 41103   0.0366 280.0757 0001581  42.6193 282.4383  1.00272901   681
ELEKTRO-L 2             
1 41105U 15074A   16032.70635634 -.00000115  00000-0  00000+0 0  9991
2 41105   0.3655 276.4611 0000245  56.1405 130.8206  1.00274095   537
COSMOS 2513             
1 41121U 15075A   16031.94250662 -.00000140  00000-0  00000-0 0  9998
2 41121   0.0273 264.2259 0002949 163.9354 121.9579  1.00272128   601
EXPRESS-AMU1            
1 41191U 15082A   16025.93333102 -.00000055  00000-0  00000+0 0  9990
2 41191   0.0469 270.5509 0000185 326.6008 293.6879  1.00271472   451
GAOFEN 4                
1 41194U 15083A   16032.96221914 -.00000336  00000-0  00000+0 0  9994
2 41194   0.5343 267.5196 0000519  23.6147 292.8401  1.00269602   507
IRNSS-1E                
1 41241U 16003A   16028.47065125 -.00000297  00000-0  00000+0 0  9997
2 41241  28.0408 123.6212 0029114 184.1130  99.7913  1.00587011   166
