COSMOS 2419 (714)       
1 28915U 05050A   16274.32273083  .00000000  00000-0  00000+0 0  9992
2 28915  65.3713  74.6148 0014662 359.5057 157.3819  2.13106300 83792
COSMOS 2425 (716)       
1 29670U 06062A   16274.48394017 -.00000013  00000-0  10000-3 0  9993
2 29670  65.5851 313.6157 0020183 339.1825 357.1586  2.13104959 75996
COSMOS 2426 (717)       
1 29671U 06062B   16273.38406215 -.00000009  00000-0  10000-3 0  9991
2 29671  65.6021 313.7361 0018614 171.8175 260.8819  2.13102996 75987
COSMOS 2424 (715)       
1 29672U 06062C   16273.63925139 -.00000010  00000-0  10000-3 0  9993
2 29672  65.5875 313.6533 0017884 171.1816 273.3782  2.13102334 75981
COSMOS 2433 (720)       
1 32275U 07052A   16274.31683076 -.00000000  00000-0  10000-3 0  9992
2 32275  65.3855  74.3888 0001180 189.6046 210.6361  2.13104812 69517
COSMOS 2432 (719)       
1 32276U 07052B   16273.39717845  .00000006  00000-0  10000-3 0  9997
2 32276  65.3981  74.4875 0010001 347.0745  21.2226  2.13104138 69497
COSMOS 2434 (721)       
1 32393U 07065A   16273.43280525 -.00000010  00000-0  00000+0 0  9997
2 32393  65.2030 312.9241 0003506 152.6992 180.6172  2.13102771 68191
COSMOS 2436 (723)       
1 32395U 07065C   16273.45551704 -.00000010  00000-0  10000-3 0  9996
2 32395  65.2160 312.9673 0015535 346.4416  96.3260  2.13102936 68133
COSMOS 2443 (725)       
1 33379U 08046B   16273.25885634  .00000005  00000-0  10000-3 0  9992
2 33379  65.3150  73.8307 0017191 179.7087  32.6399  2.13101211 62353
COSMOS 2456 (730)       
1 36111U 09070A   16274.32050514 -.00000016  00000-0  00000+0 0  9995
2 36111  64.1811 192.4650 0005095 307.8486 156.5127  2.13103009 52886
COSMOS 2457 (733)       
1 36112U 09070B   16274.36846311 -.00000015  00000-0  00000+0 0  9997
2 36112  64.1630 192.3881 0006483 175.7325  95.1893  2.13101733 52887
COSMOS 2458 (734)       
1 36113U 09070C   16274.29397375 -.00000016  00000-0  10000-3 0  9997
2 36113  64.1680 192.3970 0001475 328.6742 292.7274  2.13101822 52887
COSMOS 2459 (731)       
1 36400U 10007A   16274.28791940 -.00000002  00000-0  10000-3 0  9998
2 36400  65.2953  73.5272 0026798 357.5845 244.9169  2.13102233 51233
COSMOS 2461 (735)       
1 36401U 10007B   16274.35206184 -.00000002  00000-0  10000-3 0  9998
2 36401  65.2884  73.5049 0008354  81.9006 120.4080  2.13102289 51235
COSMOS 2460 (732)       
1 36402U 10007C   16274.31141256 -.00000002  00000-0  10000-3 0  9993
2 36402  65.2783  73.4827 0002446 108.3725 104.4209  2.13101840 51232
COSMOS 2465 (737)       
1 37138U 10041B   16273.43776358 -.00000011  00000-0  00000+0 0  9992
2 37138  64.8022 313.0440 0036796 174.7065 205.5549  2.13103451 47294
COSMOS 2464 (736)       
1 37139U 10041C   16274.25453605 -.00000014  00000-0  00000+0 0  9994
2 37139  64.8102 313.0135 0020606   8.3730 103.0522  2.13102646 47310
COSMOS 2471 (701K)      
1 37372U 11009A   16273.40494648  .00000004  00000-0  00000+0 0  9994
2 37372  65.2744  73.4603 0007006 221.6458 148.6794  2.13102815 43498
COSMOS 2474 (742)       
1 37829U 11055A   16273.23733507 -.00000030  00000-0  00000+0 0  9993
2 37829  64.5060 192.9576 0009064 252.5203 321.8121  2.13101931 38852
COSMOS 2476 (744)       
1 37867U 11064A   16274.42983142 -.00000015  00000-0  00000+0 0  9992
2 37867  64.4856 192.9959 0018041 246.7888 208.2573  2.13101996 38232
COSMOS 2477 (745)       
1 37868U 11064B   16274.11424803 -.00000019  00000-0  00000+0 0  9997
2 37868  64.4940 193.0483 0016072 247.9137 144.2895  2.13101945 38187
COSMOS 2475 (743)       
1 37869U 11064C   16273.45871263 -.00000027  00000-0  00000+0 0  9999
2 37869  64.5004 193.0601 0021346 273.7863 291.7324  2.13102269 38179
COSMOS 2485 (747)       
1 39155U 13019A   16273.22007852 -.00000030  00000-0  00000+0 0  9995
2 39155  64.6541 193.0094 0018484 241.7787  50.2959  2.13102123 26674
COSMOS 2492 (754)       
1 39620U 14012A   16273.30909113  .00000004  00000-0  10000-3 0  9991
2 39620  65.1668  73.4901 0013338 339.5780  54.2968  2.13103440 19632
COSMOS 2500 (755)       
1 40001U 14032A   16274.49792438 -.00000003  00000-0  00000+0 0  9994
2 40001  65.1089  73.4655 0006310 183.4877 265.9975  2.13102881 17876
COSMOS 2501 (702K)      
1 40315U 14075A   16274.23931694 -.00000016  00000-0  00000+0 0  9994
2 40315  64.5737 314.4398 0019325 233.3215 178.5487  2.13101691 14276
COSMOS 2514 (751)       
1 41330U 16008A   16273.15131157  .00000005  00000-0  00000+0 0  9993
2 41330  64.9080  73.7218 0008819 200.2457 115.4674  2.13103523  5007
COSMOS 2516 (753)       
1 41554U 16032A   16273.82661212 -.00000014  00000-0  00000+0 0  9993
2 41554  64.7554 314.1530 0013919 223.8161 144.1184  2.13101597  2638
