GOES 1 [-]              
1 08366U 75100A   15354.52256825  .00000020  00000-0  00000+0 0  9990
2 08366  12.8288 324.8789 0006149 250.1378 295.4427  1.00251839146789
GOES 2 [-]              
1 10061U 77048A   15347.17362272 -.00000193  00000-0  00000+0 0  9997
2 10061  13.9338 333.7229 0016324 293.9379 229.0653  0.99401252 85354
GOES 3 [P]              
1 10953U 78062A   15352.33870409 -.00000114  00000-0  00000+0 0  9997
2 10953  14.0081 337.1480 0003912 202.0506 284.3454  1.00280084 90484
GOES 4 [-]              
1 11964U 80074A   15354.27313981  .00000021  00000-0  00000+0 0  9994
2 11964  14.7146 340.8659 0030350 354.5812 100.3242  0.99227320 89610
GOES 5 [-]              
1 12472U 81049A   15354.27909515  .00000077  00000-0  00000+0 0  9997
2 12472  14.6850 350.9604 0006339 218.5774 197.8588  1.00260825 84534
GOES 6 [-]              
1 14050U 83041A   15352.27644534  .00000044  00000-0  00000+0 0  9994
2 14050  14.8080 355.8071 0004531 191.5014 226.9285  1.00249818177615
GOES 7 [-]              
1 17561U 87022A   15354.65069831  .00000020  00000-0  00000+0 0  9996
2 17561  15.0324  11.6569 0004154 255.5004 246.2206  0.99905751 88700
GOES 8 [-]              
1 23051U 94022A   15354.47665050 -.00000284  00000-0  00000+0 0  9993
2 23051  10.6512  44.3076 0009569 215.0680 154.2330  0.98907961 86228
GOES 9 [-]              
1 23581U 95025A   15352.34808499  .00000034  00000-0  00000+0 0  9997
2 23581  10.1591  43.4710 0003085 140.2932 274.0613  0.98798376 74870
GOES 10 [-]             
1 24786U 97019A   15353.86445469 -.00000019  00000-0  00000-0 0  9997
2 24786   8.4742  47.6852 0030912 147.9991 232.0019  0.99123599 68087
GOES 11 [-]             
1 26352U 00022A   15354.33488216  .00000052  00000-0  00000+0 0  9991
2 26352   3.8479  80.0118 0005286 137.5282 212.6354  0.99041698 57043
GOES 12 [-]             
1 26871U 01031A   15354.07134645  .00000062  00000-0  00000+0 0  9994
2 26871   5.3369  64.4087 0010184 207.2603 246.8822  0.99136095 52747
GOES 13 [+]             
1 29155U 06018A   15353.96278233 -.00000253  00000-0  00000+0 0  9994
2 29155   0.2231  99.0497 0001285 326.2010 294.7698  1.00278518 35094
GOES 14 [S]             
1 35491U 09033A   15354.04514221 -.00000094  00000-0  00000+0 0  9997
2 35491   0.1362 267.3861 0005796 319.5446 133.0280  1.00271216 23730
GOES 15 [+]             
1 36411U 10008A   15354.12957075  .00000085  00000-0  00000+0 0  9990
2 36411   0.1760 262.1213 0002795   6.2325  91.6213  1.00281049 21267
