GORIZONT 1 [-]          
1 11158U 78118A   15354.32558440 -.00000241  00000-0  00000+0 0  9997
2 11158  17.2761 279.2152 3395961 169.5426 199.9959  1.00236457 84493
GORIZONT 2 [-]          
1 11440U 79062A   15353.73934722 -.00000037  00000-0  00000+0 0  9998
2 11440  13.5717 329.9112 0007363 238.9574 213.0140  1.00242023 99575
GORIZONT 3 [-]          
1 11648U 79105A   15353.99840259 -.00000172  00000-0  00000+0 0  9995
2 11648  13.6629 331.0649 0014009 167.2654  29.0406  1.00347735 84036
GORIZONT 4 [-]          
1 11841U 80049A   15354.23030972 -.00000199  00000-0  00000+0 0  9999
2 11841  14.5921 335.3136 0006195 244.4273 265.3249  0.98629926195759
GORIZONT 5 [-]          
1 13092U 82020A   15354.79557487 -.00000248  00000-0  00000+0 0  9991
2 13092  15.2500 340.0716 0034654 152.7158  25.4686  0.98533411 83828
GORIZONT 6 [-]          
1 13624U 82103A   15352.26213265 -.00000078  00000-0  00000+0 0  9998
2 13624  14.1087 339.9786 0004624 202.4471 245.3138  1.00379739 82487
GORIZONT 7 [-]          
1 14160U 83066A   15353.35092462 -.00000087  00000-0  00000-0 0  9999
2 14160  15.1990 347.4885 0014581 243.2667 269.2450  0.98346963117057
GORIZONT 8 [-]          
1 14532U 83118A   15354.86028895 -.00000176  00000-0  00000+0 0  9994
2 14532  15.2330 349.0202 0024554  92.4193  83.4651  0.98270152 82886
GORIZONT 9 [-]          
1 14940U 84041A   15354.98533314 -.00000295  00000-0  00000+0 0  9995
2 14940  14.4892 347.7870 0008194 189.5111   2.4028  1.00255769 83600
GORIZONT 10 [-]         
1 15144U 84078A   15353.38757821  .00000077  00000-0  00000-0 0  9994
2 15144  14.5041 348.8078 0005264 228.5027 200.6477  1.00292668116146
GORIZONT 11 [-]         
1 15484U 85007A   15353.29398795 -.00000068  00000-0  00000+0 0  9995
2 15484  14.5246 350.5444 0003112 198.1945   0.4601  1.00254845114180
GORIZONT 12 [-]         
1 16769U 86044A   15355.05720549  .00000095  00000-0  00000+0 0  9995
2 16769  14.7027 355.3543 0006606 214.1767 306.9955  1.00229910108859
GORIZONT 13 [-]         
1 17083U 86090A   15353.70248980 -.00000157  00000-0  00000-0 0  9991
2 17083  16.0554   1.0611 0018120 259.7995 265.0449  0.96726384 81575
GORIZONT 14 [-]         
1 17969U 87040A   15353.28746611 -.00000180  00000-0  00000+0 0  9992
2 17969  15.7442 353.5511 0028745 119.9152  71.1503  0.97659522 82411
GORIZONT 15 [-]         
1 19017U 88028A   15355.00311897 -.00000056  00000-0  00000+0 0  9993
2 19017  16.0049   4.5433 0033657  99.2465  45.6602  0.97826958 82005
GORIZONT 16 [-]         
1 19397U 88071A   15347.79412355 -.00000000  00000-0  00000+0 0  9999
2 19397  14.9326   3.6320 0010947 327.3507  47.3437  0.99983611 99853
GORIZONT 17 [-]         
1 19765U 89004A   15352.41549814 -.00000263  00000-0  00000+0 0  9992
2 19765  15.1876   6.4250 0017421  76.0371 119.8315  0.99067746 97589
GORIZONT 18 [-]         
1 20107U 89052A   15353.29387154 -.00000155  00000-0  00000-0 0  9992
2 20107  15.0936   7.7963 0038650 246.7988 220.8588  0.99398357 96319
GORIZONT 19 [-]         
1 20263U 89081A   15354.99756803 -.00000355  00000-0  00000+0 0  9997
2 20263  14.8765   7.3054 0007601 205.6778 339.4451  1.00325662 96070
GORIZONT 20 [-]         
1 20659U 90054A   15353.03186941 -.00000278  00000-0  00000-0 0  9997
2 20659  15.0217  10.3098 0008056 151.6570  29.5915  1.00302029 93263
GORIZONT 21 [-]         
1 20923U 90094A   15354.81294624  .00000103  00000-0  00000+0 0  9995
2 20923  14.9545  11.1078 0008741 186.1515 207.5086  1.00344191 92025
GORIZONT 22 [-]         
1 20953U 90102A   15355.04392811 -.00000273  00000-0  00000+0 0  9990
2 20953  14.8781  11.3570 0005564 231.3511 317.3452  1.00163109 91986
GORIZONT 23 [-]         
1 21533U 91046A   15353.03186941 -.00000050  00000-0  00000+0 0  9998
2 21533  15.2512  15.0104 0009429 223.9793 312.3968  0.98905821 82815
GORIZONT 24 [-]         
1 21759U 91074A   15353.37359291 -.00000147  00000-0  00000+0 0  9993
2 21759  15.2260  16.5702 0022299 170.2656 337.6751  0.98443009 87301
GORIZONT 25 [-]         
1 21922U 92017A   15354.86412940 -.00000368  00000-0  00000+0 0  9994
2 21922  14.8068  16.4329 0022350  10.3262 137.6916  0.99852544 86672
GORIZONT 26 [-]         
1 22041U 92043A   15354.51030935 -.00000143  00000-0  00000+0 0  9999
2 22041  14.7920  18.0121 0035451 174.3213   3.3360  0.99241224 85467
GORIZONT 27 [-]         
1 22245U 92082A   15354.41982226 -.00000349  00000-0  00000+0 0  9994
2 22245  14.7146  18.3036 0013270 272.9514  81.9086  1.00196411 88768
GORIZONT 28 [-]         
1 22880U 93069A   15352.08814117 -.00000167  00000-0  00000-0 0  9998
2 22880  14.4799  21.6513 0029867  73.4057 302.0703  0.99649074 80924
GORIZONT 29 [-]         
1 22907U 93072A   15353.08627050 -.00000215  00000-0  00000-0 0  9995
2 22907  14.4327  21.4137 0013352 251.1303 295.8432  1.00112655 80798
GORIZONT 30 [-]         
1 23108U 94030A   15354.82121880 -.00000207  00000-0  00000+0 0  9997
2 23108  14.3472  22.4110 0006410 191.0859 147.9780  1.00248391 79067
GORIZONT 31 [-]         
1 23775U 96005A   15353.10522582 -.00000103  00000-0  00000+0 0  9990
2 23775  13.6546  27.9019 0022531 145.7708 310.4630  0.99899159 72751
GORIZONT 32 [-]         
1 23880U 96034A   15354.08323865 -.00000299  00000-0  00000+0 0  9996
2 23880  13.5464  28.5832 0010301 250.9798 153.4136  1.00183470 71655
GORIZONT 33 [-]         
1 26372U 00029A   15353.53940692 -.00000340  00000-0  00000-0 0  9994
2 26372  11.2478  37.7716 0002863 175.7559 169.6613  1.00380533 56998
