IRIDIUM 8 [+]           
1 24792U 97020A   16292.41902996  .00000166  00000-0  52040-4 0  9990
2 24792  86.3966  59.7587 0002099  97.1820 262.9615 14.34217340 18540
IRIDIUM 7 [+]           
1 24793U 97020B   16292.48245285  .00000168  00000-0  52750-4 0  9999
2 24793  86.3971  60.0017 0002089  96.2742 263.8692 14.34218073 18552
IRIDIUM 6 [+]           
1 24794U 97020C   16292.47600878  .00000169  00000-0  53445-4 0  9995
2 24794  86.3969  59.9407 0002111  94.7867 265.3570 14.34217102 18551
IRIDIUM 5 [+]           
1 24795U 97020D   16292.46982824  .00000178  00000-0  56433-4 0  9999
2 24795  86.3964  59.9602 0002000  93.3791 266.7634 14.34223267 18625
IRIDIUM 4 [-]           
1 24796U 97020E   16292.47774959  .00000188  00000-0  58989-4 0  9998
2 24796  86.3964  59.0509 0002148  95.3239 308.1431 14.35111848 18634
IRIDIUM 914 [-]         
1 24836U 97030A   16292.50868304  .00000169  00000-0  48697-4 0  9990
2 24836  86.3920  76.4476 0002649 130.2990 229.8441 14.38713349 14190
IRIDIUM 12 [+]          
1 24837U 97030B   16292.49694139  .00000008  00000-0 -40321-5 0  9992
2 24837  86.3926  91.1420 0001988  92.9969 324.4856 14.34216258 12301
IRIDIUM 10 [+]          
1 24839U 97030D   16292.55585443  .00000007  00000-0 -45249-5 0  9991
2 24839  86.3926  91.0985 0002012  94.2778 332.6817 14.34215121 12328
IRIDIUM 13 [+]          
1 24840U 97030E   16292.56188919  .00000016  00000-0 -14402-5 0  9998
2 24840  86.3928  91.2310 0001839  93.1566 266.9840 14.34214802 12314
IRIDIUM 16 [-]          
1 24841U 97030F   16292.52034343  .00000156  00000-0  46309-4 0  9990
2 24841  86.4005  91.2378 0002962  41.2724 318.8697 14.36664530 12882
IRIDIUM 911 [-]         
1 24842U 97030G   16292.49027246  .00000201  00000-0  51854-4 0  9993
2 24842  86.4431  92.1783 0014945 165.6752 194.4876 14.44899095 18048
IRIDIUM 15 [+]          
1 24869U 97034A   16292.60329418  .00000014  00000-0 -22265-5 0  9993
2 24869  86.3928 123.1233 0002215  83.3720 276.7728 14.34218047  9287
IRIDIUM 17 [-]          
1 24870U 97034B   16292.60734940  .00000151  00000-0  45413-4 0  9995
2 24870  86.3935 121.4275 0000717  34.8166 325.3077 14.35710041  9510
IRIDIUM 920 [-]         
1 24871U 97034C   16292.53014555  .00000163  00000-0  45991-4 0  9995
2 24871  86.3939 108.2205 0013562  60.8558 299.3996 14.39431808 11582
IRIDIUM 18 [+]          
1 24872U 97034D   16292.58426597  .00000018  00000-0 -64037-6 0  9998
2 24872  86.3936 123.0886 0002094  85.3862 274.7572 14.34218112  9285
IRIDIUM 921 [-]         
1 24873U 97034E   16292.40184613  .00001452  00000-0  85237-4 0  9995
2 24873  86.3979 180.2085 0007499 167.5824 192.5600 15.10860351 51586
IRIDIUM 26 [-]          
1 24903U 97043A   16292.61530294  .00000144  00000-0  43412-4 0  9998
2 24903  86.3998 355.9558 0002275  89.7709  78.7832 14.35215663  3328
IRIDIUM 25 [+]          
1 24904U 97043B   16292.60233582  .00000228  00000-0  74470-4 0  9999
2 24904  86.3991 356.4476 0002323  92.5672 267.5790 14.34221538  3207
IRIDIUM 46 [+]          
1 24905U 97043C   16292.61502460  .00000224  00000-0  72881-4 0  9995
2 24905  86.4000 356.9744 0002343  94.5787 265.5677 14.34221618  3205
IRIDIUM 23 [+]          
1 24906U 97043D   16292.63840314  .00000224  00000-0  73005-4 0  9990
2 24906  86.4005 356.4442 0002426  95.4164  58.0518 14.34219997  3219
IRIDIUM 22 [+]          
1 24907U 97043E   16292.58330990  .00000224  00000-0  72996-4 0  9997
2 24907  86.4002 357.0962 0002296  95.1571 264.9887 14.34220817  3204
DUMMY MASS 1 [-]        
1 24925U 97048A   16292.56041316  .00000141  00000-0  13217-4 0  9990
2 24925  86.3367 154.8332 0007548 158.4025 201.7519 14.85102594 35723
DUMMY MASS 2 [-]        
1 24926U 97048B   16292.56121047  .00000141  00000-0  13244-4 0  9991
2 24926  86.3369 155.9082 0008019 167.0376 193.1055 14.84870981 35572
IRIDIUM 29 [-]          
1 24944U 97051A   16292.36148570  .00000128  00000-0  38511-4 0  9992
2 24944  86.4003  28.0375 0002100 102.7109 257.4322 14.34604573999755
IRIDIUM 32 [+]          
1 24945U 97051B   16292.61223498  .00000246  00000-0  80814-4 0  9998
2 24945  86.4002  28.0985 0002251  97.8903 262.2548 14.34222646999790
IRIDIUM 33 [-]          
1 24946U 97051C   16292.39041874  .00000150  00000-0  47066-4 0  9996
2 24946  86.3918  27.9445 0006350 323.3551  36.7209 14.33517159999394
IRIDIUM 28 [-]          
1 24948U 97051E   16292.60071847  .00000152  00000-0  45873-4 0  9991
2 24948  86.4008  27.3081 0002141  84.8529 275.2912 14.35509533999913
IRIDIUM 30 [+]          
1 24949U 97051F   16292.32678138  .00000068  00000-0  17326-4 0  9995
2 24949  86.4022  28.3139 0002096  83.6311 276.5123 14.34221227999738
IRIDIUM 31 [+]          
1 24950U 97051G   16292.59950503  .00000249  00000-0  82014-4 0  9992
2 24950  86.4003  28.1954 0002116  99.7195 260.4240 14.34225595999782
IRIDIUM 19 [+]          
1 24965U 97056A   16292.44441763  .00000172  00000-0  54487-4 0  9998
2 24965  86.3967  59.7578 0002081  96.5652 263.5780 14.34216128997909
IRIDIUM 35 [+]          
1 24966U 97056B   16292.45710628  .00000173  00000-0  54742-4 0  9994
2 24966  86.3967  59.7483 0002102  96.6834 263.4601 14.34217326997881
IRIDIUM 36 [-]          
1 24967U 97056C   16292.40527676  .00000160  00000-0  48743-4 0  9999
2 24967  86.3978  59.0174 0002006  95.9478 264.1947 14.35560603998177
IRIDIUM 37 [+]          
1 24968U 97056D   16292.50150632  .00000176  00000-0  55627-4 0  9991
2 24968  86.3969  59.9092 0002093  97.4382 262.7052 14.34216876997891
IRIDIUM 34 [+]          
1 24969U 97056E   16292.45075544  .00000175  00000-0  55465-4 0  9993
2 24969  86.3969  59.8669 0002040  96.5239 263.6189 14.34218838997884
IRIDIUM 43 [+]          
1 25039U 97069A   16292.50814595 -.00000056  00000-0 -26933-4 0  9997
2 25039  86.3934 123.0496 0001766  85.6937 274.4461 14.34217363991671
IRIDIUM 41 [+]          
1 25040U 97069B   16292.57157644  .00000011  00000-0 -31993-5 0  9994
2 25040  86.3936 122.9782 0002133  83.7237 276.4202 14.34217782991683
IRIDIUM 40 [+]          
1 25041U 97069C   16292.52732258 -.00000082  00000-0 -36369-4 0  9990
2 25041  86.3931 123.2219 0001126 109.6861 250.4456 14.34214362991695
IRIDIUM 39 [B]          
1 25042U 97069D   16292.59747109  .00000215  00000-0  54322-4 0  9994
2 25042  86.3893 122.3046 0020347  41.2177 319.0557 14.46096688991807
IRIDIUM 38 [-]          
1 25043U 97069E   16292.56506052  .00000156  00000-0  47037-4 0  9991
2 25043  86.3933 120.4560 0002387  55.4773 304.6649 14.35982475992052
IRIDIUM 42 [-]          
1 25077U 97077A   16292.63232968  .00000137  00000-0  41490-4 0  9993
2 25077  86.3937 122.9431 0002103  85.0139 275.1297 14.34508491987560
IRIDIUM 44 [-]          
1 25078U 97077B   16292.56247700  .00000154  00000-0  44459-4 0  9993
2 25078  86.3927 113.1416 0002265  45.5747 314.5636 14.38068558988903
IRIDIUM 45 [+]          
1 25104U 97082A   16292.59321613  .00000267  00000-0  88347-4 0  9997
2 25104  86.4000  28.2357 0002561  69.2425 290.9045 14.34224537985748
IRIDIUM 24 [-]          
1 25105U 97082B   16292.61223310  .00000166  00000-0  46458-4 0  9991
2 25105  86.3939 337.4876 0013601  65.6516 294.6101 14.39811537988090
IRIDIUM 47 [+]          
1 25106U 97082C   16292.62137136  .00000224  00000-0  72940-4 0  9993
2 25106  86.3989 356.3186 0002421  94.8863 265.2609 14.34220217985747
IRIDIUM 49 [+]          
1 25108U 97082E   16292.29338456  .00000222  00000-0  72277-4 0  9997
2 25108  86.3991 356.5519 0002349  94.3017 308.0125 14.34220075985706
IRIDIUM 52 [+]          
1 25169U 98010A   16292.59360819  .00000009  00000-0 -38324-5 0  9997
2 25169  86.3931  91.3866 0001973  93.0898 267.0524 14.34216102977154
IRIDIUM 56 [+]          
1 25170U 98010B   16292.51745435 -.00000046  00000-0 -23593-4 0  9995
2 25170  86.3920  91.5167 0002121  83.2992 276.8445 14.34212130977126
IRIDIUM 54 [+]          
1 25171U 98010C   16292.54922028  .00000008  00000-0 -43528-5 0  9992
2 25171  86.3931  91.4248 0001976  93.4900 266.6522 14.34216078977293
IRIDIUM 50 [+]          
1 25172U 98010D   16292.58095039  .00000006  00000-0 -47740-5 0  9998
2 25172  86.3931  91.3690 0002027  95.8992 264.2434 14.34215296977139
IRIDIUM 53 [+]          
1 25173U 98010E   16292.59997320  .00000008  00000-0 -41965-5 0  9999
2 25173  86.3931  91.3667 0001977  93.2928 266.8494 14.34215634977149
IRIDIUM 51 [S]          
1 25262U 98018A   16292.47614149  .00000228  00000-0  74414-4 0  9995
2 25262  86.3975  60.0369 0002233  98.9367 261.2082 14.34216456976518
IRIDIUM 61 [+]          
1 25263U 98018B   16292.50783657  .00000162  00000-0  50696-4 0  9994
2 25263  86.3969  59.8721 0002126  96.2752 263.8686 14.34216344972228
IRIDIUM 55 [+]          
1 25272U 98019A   16292.37118196  .00000234  00000-0  76524-4 0  9998
2 25272  86.4001  28.1090 0002238  96.9863 263.1587 14.34218109971401
IRIDIUM 57 [-]          
1 25273U 98019B   16292.41434113  .00000129  00000-0  38816-4 0  9999
2 25273  86.4007  28.3879 0002176  96.5612 263.5831 14.34240023971411
IRIDIUM 58 [+]          
1 25274U 98019C   16292.63121987  .00000245  00000-0  80291-4 0  9999
2 25274  86.4008  28.4876 0002321  96.9201 263.2259 14.34217593971441
IRIDIUM 59 [+]          
1 25275U 98019D   16292.63756001  .00000196  00000-0  62757-4 0  9993
2 25275  86.4003  28.3511 0002230 100.1790 259.9657 14.34219312971447
IRIDIUM 60 [+]          
1 25276U 98019E   16292.36483041  .00000028  00000-0  30274-5 0  9999
2 25276  86.3999  28.0939 0002198  97.8946 262.2500 14.34217362971403
IRIDIUM 62 [+]          
1 25285U 98021A   16292.60525295  .00000020  00000-0  26541-7 0  9993
2 25285  86.3949 324.9153 0002352  92.3695 267.7770 14.34222877970390
IRIDIUM 63 [-]          
1 25286U 98021B   16292.55846078  .00000145  00000-0  44318-4 0  9990
2 25286  86.3978 325.3289 0002268  98.8588 359.6469 14.34619356970406
IRIDIUM 64 [+]          
1 25287U 98021C   16292.54816421  .00000113  00000-0  33292-4 0  9993
2 25287  86.3949 324.9798 0002090  91.3391 268.8044 14.34223367970366
IRIDIUM 65 [+]          
1 25288U 98021D   16292.62428624  .00000091  00000-0  25377-4 0  9997
2 25288  86.3948 324.8558 0002370  90.1418 270.0049 14.34222938970393
IRIDIUM 66 [+]          
1 25289U 98021E   16292.65266152  .00000019  00000-0 -22979-6 0  9995
2 25289  86.3946 324.7491 0002328  92.8791  21.0920 14.34222728970392
IRIDIUM 67 [+]          
1 25290U 98021F   16292.63696316  .00000019  00000-0 -24732-6 0  9993
2 25290  86.3947 324.8886 0002257  92.7588 267.3866 14.34222802970407
IRIDIUM 68 [+]          
1 25291U 98021G   16292.57354408  .00000086  00000-0  23560-4 0  9999
2 25291  86.3951 325.0294 0002213  91.0187 269.1262 14.34222483970368
IRIDIUM 69 [-]          
1 25319U 98026A   16292.62111933  .00000178  00000-0  51542-4 0  9998
2 25319  86.4013 347.3616 0002578  46.6085 313.5327 14.38622781968307
IRIDIUM 71 [-]          
1 25320U 98026B   16292.61115885  .00000155  00000-0  43800-4 0  9992
2 25320  86.3991 343.3726 0004097  76.7016 283.4639 14.39037312968725
IRIDIUM 70 [+]          
1 25342U 98032A   16292.62097578  .00000020  00000-0  21909-6 0  9991
2 25342  86.3954 325.2398 0002388  92.7880  21.1521 14.34221715964472
IRIDIUM 72 [+]          
1 25343U 98032B   16292.51645529  .00000110  00000-0  32369-4 0  9995
2 25343  86.3948 324.9110 0002300  92.5466 267.5993 14.34223072964462
IRIDIUM 73 [-]          
1 25344U 98032C   16292.58215845  .00000189  00000-0  44583-4 0  9994
2 25344  86.4391 305.0429 0002656 104.5958 255.5541 14.48978763972568
IRIDIUM 74 [S]          
1 25345U 98032D   16292.62403159  .00000122  00000-0  30465-4 0  9998
2 25345  86.4460 325.2107 0002132  89.4428  23.9020 14.42957176967916
IRIDIUM 75 [+]          
1 25346U 98032E   16292.61426854  .00000081  00000-0  21694-4 0  9993
2 25346  86.3951 325.1140 0002262  92.7326  19.3891 14.34222852965049
IRIDIUM 3 [+]           
1 25431U 98048A   16292.59897772  .00000231  00000-0  75406-4 0  9990
2 25431  86.3996 356.7181 0002395  93.4859  20.1490 14.34219610950984
IRIDIUM 76 [+]          
1 25432U 98048B   16292.61761075  .00000223  00000-0  72653-4 0  9992
2 25432  86.3993 356.4724 0002336  97.8347  13.8179 14.34219930950974
IRIDIUM 82 [+]          
1 25467U 98051A   16292.56522443 -.00000066  00000-0 -30718-4 0  9995
2 25467  86.3909 123.2020 0001886  74.5005 285.6398 14.34217416951981
IRIDIUM 81 [+]          
1 25468U 98051B   16292.62866718  .00000020  00000-0 -14308-7 0  9998
2 25468  86.3932 122.7849 0001970  90.3202 269.8219 14.34217853948213
IRIDIUM 80 [+]          
1 25469U 98051C   16292.61661773  .00000010  00000-0 -33291-5 0  9991
2 25469  86.3937 123.0653 0001884  90.8008 305.3637 14.34217991948212
IRIDIUM 77 [+]          
1 25471U 98051E   16292.48165807 -.00000008  00000-0 -99991-5 0  9993
2 25471  86.3930 122.7135 0002026  85.5577 301.4834 14.34217909953390
IRIDIUM 2 [-]           
1 25527U 98066A   16292.63039598  .00002566  00000-0  13251-3 0  9997
2 25527  85.5332 174.7508 0007001 255.5047 104.5416 15.15803706981271
IRIDIUM 86 [+]          
1 25528U 98066B   16292.50485020  .00000007  00000-0 -45191-5 0  9998
2 25528  86.3921  90.8597 0002232  90.6794 269.4657 14.34214929944729
IRIDIUM 84 [+]          
1 25530U 98066D   16292.53656693  .00000013  00000-0 -23395-5 0  9999
2 25530  86.3923  91.0075 0002057  93.9095 266.2336 14.34218492942369
IRIDIUM 83 [+]          
1 25531U 98066E   16292.56826925  .00000006  00000-0 -49116-5 0  9991
2 25531  86.3927  91.1098 0002001  93.1389 267.0036 14.34215229939724
IRIDIUM 20 [+]          
1 25577U 98074A   16292.62769201  .00000048  00000-0  10124-4 0  9991
2 25577  86.3991 356.3927 0002264  94.1919 265.9536 14.34218944933816
IRIDIUM 11 [+]          
1 25578U 98074B   16292.52671390  .00000033  00000-0  48881-5 0  9998
2 25578  86.3991 356.6387 0002203  92.5128  41.0236 14.34219582942760
IRIDIUM 14 [+]          
1 25777U 99032A   16292.63339683  .00000092  00000-0  25892-4 0  9993
2 25777  86.3950 324.9399 0002392  91.4896  21.1402 14.34222624920059
IRIDIUM 21 [+]          
1 25778U 99032B   16292.57987900  .00000097  00000-0  27747-4 0  9994
2 25778  86.3949 324.9842 0002211  95.9277 264.2171 14.34223154913484
IRIDIUM 91 [+]          
1 27372U 02005A   16292.41933178  .00000261  00000-0  85963-4 0  9998
2 27372  86.4017  28.8905 0002007  93.1337 318.7314 14.34222830776978
IRIDIUM 90 [S]          
1 27373U 02005B   16292.51798433  .00000051  00000-0  91065-5 0  9991
2 27373  86.4437  91.1058 0002246  93.8151 266.3307 14.42955910776503
IRIDIUM 94 [+]          
1 27374U 02005C   16292.61116395  .00000223  00000-0  72601-4 0  9999
2 27374  86.3992 356.7274 0002960 105.0338   6.1010 14.34221784781328
IRIDIUM 95 [+]          
1 27375U 02005D   16292.58684509  .00000231  00000-0  75408-4 0  9990
2 27375  86.4016  28.6020 0002254  98.3423 261.8028 14.34225073776289
IRIDIUM 96 [+]          
1 27376U 02005E   16292.42540661  .00000179  00000-0  56923-4 0  9996
2 27376  86.3997  60.1976 0002052 134.0946 226.0419 14.34217820781466
IRIDIUM 97 [+]          
1 27450U 02031A   16292.46350427  .00000154  00000-0  47851-4 0  9994
2 27450  86.3966  59.9459 0001915  92.7040 267.4375 14.34222434755580
IRIDIUM 98 [+]          
1 27451U 02031B   16292.53181053 -.00000032  00000-0 -18549-4 0  9999
2 27451  86.3931 123.2652 0001833  82.8484 333.8880 14.34217700756663
