MTI                     
1 26102U 00014A   16274.45678836  .00009885  00000-0  21811-3 0  9999
2 26102  97.5487  68.6097 0009288 126.6259 262.6866 15.44061704914403
CFESAT                  
1 30777U 07006F   16274.48644740  .00005673  00000-0  19670-3 0  9991
2 30777  35.4286 292.2544 0003911 180.0039 180.0686 15.29239109528192
SPIRALE A               
1 33751U 09008C   16273.52635674  .00000108  00000-0  19346-3 0  9998
2 33751   2.0862  58.6953 5546880 283.9834  22.9337  4.58624754 98882
SPIRALE B               
1 33752U 09008D   16274.12163940  .00004736  00000-0  11289-2 0  9996
2 33752   1.7521 122.1537 6979304 141.1911 299.6898  2.66881517 67856
SAPPHIRE                
1 39088U 13009C   16274.49798730  .00000024  00000-0  24187-4 0  9990
2 39088  98.5748 113.9840 0011231 351.0264   9.0718 14.34112810188148
