COSMOS 2361 [-]         
1 25590U 98076A   15355.07570598  .00000080  00000-0  70955-4 0  9999
2 25590  82.9329 158.1066 0030713 318.4270 175.2787 13.72903433851277
COSMOS 2378 [-]         
1 26818U 01023A   15354.58840858  .00000012  00000-0 -27568-5 0  9992
2 26818  82.9254 180.8688 0031726 275.2750  84.4785 13.73892283728754
COSMOS 2389 [-]         
1 27436U 02026A   15354.90116419  .00000041  00000-0  26159-4 0  9993
2 27436  82.9511 123.8741 0047194 148.1620 324.8546 13.74891338680679
COSMOS 2398 [-]         
1 27818U 03023A   15354.25047609  .00000086  00000-0  77796-4 0  9999
2 27818  82.9476  78.2848 0032119 153.1706 207.1116 13.72120008628200
COSMOS 2407 [+]         
1 28380U 04028A   15354.58351864  .00000049  00000-0  34001-4 0  9998
2 28380  82.9588  31.4478 0039665 163.7837 196.4597 13.76016479573093
COSMOS 2414 [+]         
1 28521U 05002A   15355.14399055  .00000444  00000-0  36010-3 0  9995
2 28521  82.9514  60.0649 0042028  89.9793 270.6200 13.87560590552839
COSMOS 2429 [-]         
1 32052U 07038A   15354.88813523  .00000063  00000-0  48972-4 0  9999
2 32052  82.9796 148.7368 0039458 131.0460 337.4139 13.74863301415259
COSMOS 2454 [-]         
1 35635U 09039A   15355.12070521 -.00000187  00000-0 -16605-3 0  9999
2 35635  82.9533  50.8467 0020703  60.6924 299.6266 13.89583703325493
COSMOS 2463 [+]         
1 36519U 10017A   15354.88829833  .00000015  00000-0 -23096-6 0  9993
2 36519  82.9592 183.8832 0035520 320.7445  39.1135 13.71390933282861
