SIRIUS-1                
1 26390U 00035A   15351.96199324  .00000049  00000-0  00000-0 0  9999
2 26390  59.7145 234.5443 2606544 267.9934 195.7991  1.00272146 13272
SIRIUS-2                
1 26483U 00051A   15353.49104078  .00000034  00000-0  00000+0 0  9995
2 26483  64.4596 114.5792 2772738 267.3851 149.6309  1.00275419 56008
SIRIUS-3                
1 26626U 00077A   15351.92303904 -.00000103  00000-0  00000-0 0  9996
2 26626  64.4454 354.4023 2669609 268.9971  60.6069  1.00272510 55108
XM-1 (ROLL)             
1 26761U 01018A   15355.06680346 -.00000260  00000-0  00000+0 0  9992
2 26761   0.0332  68.8850 0002899  94.9621 270.5205  1.00270748 53611
XM-3 (RHYTHM)           
1 28626U 05008A   15354.45823032 -.00000208  00000-0  00000+0 0  9992
2 28626   0.0199 176.3260 0000233  11.9964 340.2509  1.00269883 39640
XM-4 (BLUES)            
1 29520U 06049A   15355.06615586 -.00000027  00000-0  00000+0 0  9992
2 29520   0.0235 169.2628 0000354 100.1139  88.5362  1.00271894 33573
O3B FM5                 
1 39188U 13031A   15353.60261805 -.00000017  00000-0  00000-0 0  9991
2 39188   0.0526   9.4960 0006407 193.1776 157.2997  5.00115423 45384
O3B FM4                 
1 39189U 13031B   15353.33615599 -.00000016  00000-0  00000-0 0  9994
2 39189   0.0334 342.1232 0004368 358.5755  19.2865  5.00116460 45393
O3B FM2                 
1 39190U 13031C   15352.49185182 -.00000016  00000-0  00000+0 0  9991
2 39190   0.0353 334.4259 0005049   3.7166  21.8380  5.00116670 45317
O3B PFM                 
1 39191U 13031D   15353.49282333 -.00000017  00000-0  00000-0 0  9991
2 39191   0.0461   3.3857 0001825 258.9577  97.6376  5.00115220 45374
O3B FM3                 
1 40079U 14038A   15354.80360490 -.00000019  00000-0  00000+0 0  9994
2 40079   0.0392 352.3678 0003645 237.7483 129.8530  5.00115525 26428
O3B FM7                 
1 40080U 14038B   15353.35989192 -.00000016  00000-0  00000-0 0  9999
2 40080   0.0371 351.5056 0002859 265.4138 103.0505  5.00115345 26256
O3B FM6                 
1 40081U 14038C   15353.38187853 -.00000016  00000-0  00000-0 0  9997
2 40081   0.0382 352.1363 0003030 255.5386 112.2947  5.00115735 26237
O3B FM8                 
1 40082U 14038D   15353.82635994 -.00000017  00000-0  00000+0 0  9991
2 40082   0.0357 348.7680 0001422 275.7208  95.4966  5.00115336 26378
O3B FM10                
1 40348U 14083A   15353.64881095 -.00000017  00000-0  00000-0 0  9992
2 40348   0.0436 358.5197 0003693 274.4507  86.9890  5.00115201 18321
O3B FM11                
1 40349U 14083B   15353.67082100 -.00000017  00000-0  00000+0 0  9995
2 40349   0.0442   1.4399 0003210 276.6494  81.8759  5.00115407 18327
O3B FM12                
1 40350U 14083C   15353.33792338 -.00000017  00000-0  00000-0 0  9992
2 40350   0.0431   1.0497 0002685 272.6668  86.2545  5.00115692 18313
O3B FM9                 
1 40351U 14083D   15353.31554250 -.00000016  00000-0  00000-0 0  9999
2 40351   0.0453   1.2684 0003327 270.8564  87.8389  5.00115447 18329
