CALSPHERE 1             
1 00900U 64063C   16292.21910523  .00000348  00000-0  36667-3 0  9997
2 00900  90.1457   7.8561 0028942 119.3532 241.0528 13.72801093586817
CALSPHERE 2             
1 00902U 64063E   16291.90733147  .00000049  00000-0  60385-4 0  9992
2 00902  90.1524  10.1716 0019272  37.3086  15.6179 13.52639439379135
LCS 1                   
1 01361U 65034C   16291.96151325  .00000012  00000-0  49851-3 0  9993
2 01361  32.1411 276.5617 0005310 326.8602  33.1562  9.89290168860371
TEMPSAT 1               
1 01512U 65065E   16291.94134925  .00000022  00000-0  24745-4 0  9997
2 01512  89.8137 246.5263 0071954  78.4447 347.4397 13.33394828489715
CALSPHERE 4(A)          
1 01520U 65065H   16291.91410271  .00000055  00000-0  89819-4 0  9993
2 01520  90.0870 120.6543 0068622 337.6010 130.9322 13.35715226491503
OPS 5712 (P/L 160)      
1 02826U 67053A   16291.88406691  .00001125  00000-0  32198-3 0  9995
2 02826  69.9278  88.0327 0006801 346.2377  13.8568 14.47552540553119
OPS 5712 (P/L 153)      
1 02874U 67053H   16292.56181830 -.00000028  00000-0  18063-4 0  9997
2 02874  69.9715 113.8913 0004563  96.5267 318.9269 13.96274266514643
SURCAL 150B             
1 02909U 67053J   16291.90158816  .00001630  00000-0  35562-3 0  9992
2 02909  69.9485 171.4513 0000767 163.9775 196.1388 14.59671195561391
RIGIDSPHERE 2 (LCS 4)   
1 05398U 71067E   16291.88195849  .00000347  00000-0  11645-3 0  9991
2 05398  87.6255 233.0556 0064292   7.0166 353.1914 14.33495660368078
