RADUGA 1 [-]            
1 08513U 75123A   15354.96600361 -.00000121  00000-0  00000+0 0  9998
2 08513  11.3658 318.4961 0008307 176.6748  19.0456  1.00247816156525
RADUGA 2 [-]            
1 09416U 76092A   15354.88857775 -.00000004  00000-0  00000+0 0  9991
2 09416  11.9570 320.4180 0029486 279.0850 233.0459  1.00274705 90914
RADUGA 3 [-]            
1 10159U 77071A   15354.98713442  .00000053  00000-0  00000+0 0  9991
2 10159  12.4740 322.7049 0011087 190.2758 349.0049  1.00198400138635
RADUGA 4 [-]            
1 10987U 78073A   15354.79983006  .00000052  00000-0  00000+0 0  9996
2 10987  12.9636 325.5476 0012679 270.0307 195.6315  1.00336346 81162
RADUGA 5 [-]            
1 11343U 79035A   15353.65458515 -.00000145  00000-0  00000+0 0  9992
2 11343  13.3048 327.7773 0003125 187.0725 246.9413  1.00296209 90894
RADUGA 6 [-]            
1 11708U 80016A   15354.85982737 -.00000111  00000-0  00000+0 0  9992
2 11708  13.5220 330.1809 0005616 213.1995 288.5079  1.00344653 83730
RADUGA 7 [-]            
1 12003U 80081A   15355.18944637 -.00000136  00000-0  00000+0 0  9994
2 12003  13.6037 331.7740 0013608 219.3754 227.0145  1.00161936 85003
RADUGA 8 [-]            
1 12351U 81027A   15355.10184692  .00000086  00000-0  00000+0 0  9993
2 12351  13.8918 332.6168 0087297 161.5498 205.3290  1.00391234 84073
RADUGA 9 [-]            
1 12618U 81069A   15353.91340453 -.00000347  00000-0  00000-0 0  9993
2 12618  13.9698 334.7086 0002291 221.9119 323.6286  1.00328730  8918
RADUGA 10 [-]           
1 12897U 81102A   15353.79259259 -.00000061  00000-0  00000-0 0  9992
2 12897  14.0032 335.4247 0005570 168.0378 298.9881  1.00292342 78910
RADUGA 11 [-]           
1 13669U 82113A   15353.29337084 -.00000173  00000-0  00000+0 0  9994
2 13669  15.2796 346.0381 0043684 191.4542 346.7002  0.97709400 84070
RADUGA 12 [-]           
1 13974U 83028A   15353.73830119 -.00000059  00000-0  00000+0 0  9998
2 13974  14.5277 343.6447 0003334 236.8139 202.8634  1.00253431130949
RADUGA 13 [-]           
1 14307U 83088A   15353.35116093 -.00000113  00000-0  00000+0 0  9992
2 14307  15.3751 347.8014 0014958 321.5820 200.3207  0.98173621 81307
RADUGA 14 [-]           
1 14725U 84016A   15354.96320001 -.00000137  00000-0  00000+0 0  9998
2 14725  14.4755 346.6227 0002596 181.1253 344.7344  1.00299461 79669
RADUGA 15 [-]           
1 15057U 84063A   15355.18524816  .00000105  00000-0  00000+0 0  9998
2 15057  14.5179 347.6024 0003774 161.2333  31.6688  1.00315264102673
RADUGA 16 [-]           
1 15946U 85070A   15353.56307263 -.00000189  00000-0  00000+0 0  9992
2 15946  14.6181 351.7495 0004877 212.5737 350.4456  1.00379741 83780
RADUGA 17 [-]           
1 16250U 85107A   15353.37503196  .00000095  00000-0  00000+0 0  9999
2 16250  14.6333 352.9020 0011569 145.1845 286.6721  1.00159766113414
RADUGA 18 [-]           
1 16497U 86007A   15353.47349843 -.00000037  00000-0  00000-0 0  9998
2 16497  15.2610 355.0863 0071934 103.1030 250.2837  0.98810237107986
RADUGA 19 [-]           
1 17046U 86082A   15352.41846183 -.00000039  00000-0  00000-0 0  9996
2 17046  15.3571 358.5071 0009045 111.5666  37.3591  0.98458849105161
RADUGA 20 [-]           
1 17611U 87028A   15353.29778708 -.00000107  00000-0  00000+0 0  9994
2 17611  17.0836   2.0110 0023918  80.4977  35.0951  0.95961883101515
RADUGA 21 [-]           
1 18631U 87100A   15353.21489088  .00000041  00000-0  00000+0 0  9996
2 18631  15.2608   0.6104 0003570 185.2952 208.1836  1.00196856102648
RADUGA 22 [-]           
1 19596U 88095A   15351.43051005 -.00000325  00000-0  00000+0 0  9993
2 19596  14.8735   4.1285 0004597 131.9067 240.0900  1.00276300 83254
RADUGA 23 [-]           
1 19928U 89030A   15353.69509841 -.00000381  00000-0  00000-0 0  9991
2 19928  14.8494   5.7619 0018992 110.8762 340.8959  1.00279814 96424
RADUGA-1 1 [-]          
1 20083U 89048A   15354.91709596 -.00000216  00000-0  00000+0 0  9995
2 20083  15.3490   8.2418 0016212  57.0367 119.6819  0.98708959 93440
RADUGA 24 [-]           
1 20367U 89098A   15353.99059418  .00000035  00000-0  00000+0 0  9991
2 20367  15.1816   8.4235 0004949 194.0265 300.9337  1.00217591 94607
RADUGA 25 [-]           
1 20499U 90016A   15353.36637787  .00000099  00000-0  00000+0 0  9991
2 20499  14.9007   8.8049 0003743 190.0815 225.1121  1.00210852 94519
RADUGA 26 [-]           
1 21016U 90112A   15353.80298979  .00000048  00000-0  00000+0 0  9993
2 21016  14.8931  11.9027 0000821 352.4504  67.7351  1.00293271 91815
RADUGA-1 2 [-]          
1 21038U 90116A   15353.60194493  .00000080  00000-0  00000-0 0  9992
2 21038  14.9211  12.0289 0002432  57.4187 285.5699  1.00253266  8905
RADUGA 27 [-]           
1 21132U 91014A   15354.72112645 -.00000285  00000-0  00000+0 0  9995
2 21132  15.4347  12.3572 0002225 198.7400 233.7953  1.00178143 90887
RADUGA 28 [-]           
1 21821U 91087A   15354.17060988  .00000116  00000-0  00000+0 0  9993
2 21821  14.8630  15.3579 0003243 114.5652  50.3118  1.00263081 87929
RADUGA 29 [-]           
1 22557U 93013A   15350.00155422  .00000056  00000-0  00000-0 0  9991
2 22557  14.6362  19.5345 0001371 146.4057 290.5195  1.00289396 83214
RADUGA 30 [-]           
1 22836U 93062A   15354.76466203 -.00000174  00000-0  00000+0 0  9995
2 22836  14.4889  21.2461 0006349 212.4195 211.7995  1.00272641 81353
RADUGA-1 3 [-]          
1 22981U 94008A   15354.03132682 -.00000324  00000-0  00000+0 0  9995
2 22981  14.4445  22.4750 0003341 186.5140 351.0370  1.00261641 80088
RADUGA 31 [-]           
1 23010U 94012A   15355.12381122 -.00000033  00000-0  00000+0 0  9997
2 23010  14.4174  22.4240 0001303 167.7111   8.2370  1.00335694 79922
RADUGA 32 [-]           
1 23448U 94087A   15354.60985368 -.00000164  00000-0  00000+0 0  9993
2 23448  14.1302  24.9491 0010108 180.8828 182.7846  1.00274348 94523
RADUGA-1 4 [-]          
1 25642U 99010A   15353.86323286 -.00000184  00000-0  00000-0 0  9997
2 25642  13.4891  37.5006 0006665 185.5231 256.8854  1.00354880 61527
RADUGA-1 5 [-]          
1 26477U 00049A   15355.18946584  .00000111  00000-0  00000+0 0  9995
2 26477  11.1277  39.0305 0002236 187.8407 335.1496  1.00287254 56073
RADUGA-1 6 [-]          
1 26936U 01045A   15353.85148839 -.00000055  00000-0  00000-0 0  9990
2 26936  10.6879  44.1286 0017642 119.3447 323.7514  0.97743425 51140
RADUGA-1 7 [-]          
1 28194U 04010A   15355.00311897  .00000015  00000-0  00000+0 0  9992
2 28194   8.8765  51.5879 0004611 154.3390 304.0397  1.00374726 42981
RADUGA-1M 1 [-]         
1 32373U 07058A   15354.81390906 -.00000116  00000-0  00000+0 0  9990
2 32373   1.9944  75.5475 0003124 188.2483 215.5925  0.99394319 30238
RADUGA-1 8 [+]          
1 34264U 09010A   15353.36826023 -.00000249  00000-0  00000+0 0  9991
2 34264   4.6744  73.9366 0008474 287.5797 191.1782  0.99830049 24904
RADUGA-1M 2 [+]         
1 36358U 10002A   15354.03638494 -.00000187  00000-0  00000+0 0  9999
2 36358   0.0131   0.5659 0003562 299.9471 245.9045  1.00272227 21582
RADUGA-1M 3 [+]         
1 39375U 13062A   15355.11796610 -.00000043  00000-0  00000+0 0  9996
2 39375   0.0262  59.3067 0003397 222.0621 280.4752  1.00271912  7712
