SCD 1                   
1 22490U 93009B   15355.23124950  .00000372  00000-0  53396-4 0  9995
2 22490  24.9709  53.4043 0043106 353.4674  61.8345 14.44401465206878
TECHSAT 1B (GO-32)      
1 25397U 98043D   15355.40589498  .00000064  00000-0  46609-4 0  9995
2 25397  98.5455 300.2005 0002132 116.5069 243.6328 14.23575477906424
SCD 2                   
1 25504U 98060A   15355.16107565  .00000345  00000-0  47300-4 0  9999
2 25504  24.9954 253.5934 0017345  35.0430 119.0379 14.43931277906227
LANDSAT 7               
1 25682U 99020A   15355.19354931  .00000320  00000-0  81111-4 0  9998
2 25682  98.2361  62.8327 0000770 113.8446 246.2825 14.57098909887377
DLR-TUBSAT              
1 25757U 99029B   15354.71908143  .00000018  00000-0  15996-4 0  9999
2 25757  98.4399 254.5702 0014568 159.8994 200.2781 14.51307715877493
QUIKSCAT                
1 25789U 99034A   15354.54274817  .00000033  00000-0  31400-4 0  9990
2 25789  98.6068 180.6422 0001237 132.6909 227.4376 14.27230835859497
IKONOS 2                
1 25919U 99051A   15355.50452403  .00000593  00000-0  73202-4 0  9997
2 25919  98.0676  75.2663 0008849 129.2994 230.9026 14.86610022868754
TERRA                   
1 25994U 99068A   15355.41103917 -.00003802  00000-0 -83484-3 0  9991
2 25994  98.2071  67.2714 0000913  81.3064 278.8372 14.57082191851481
EO-1                    
1 26619U 00075A   15355.52885247  .00001203  00000-0  23725-3 0  9994
2 26619  97.9067  37.5766 0010418  36.2175 323.9769 14.64169089803970
EROS A1                 
1 26631U 00079A   15355.52591587  .00083473  00000-0  12216-2 0  9994
2 26631  97.5451  93.5193 0001377  61.7502  64.4868 15.55311463835488
BADR-B                  
1 27003U 01056C   15354.82514005 -.00000017  00000-0  29617-4 0  9995
2 27003  99.2674 141.6855 0019596 312.2249  47.7235 13.70210973701542
MAROC-TUBSAT            
1 27004U 01056D   15355.39845015 -.00000019  00000-0  26951-4 0  9997
2 27004  99.2730 141.6472 0019168 312.9390 100.3770 13.70110696701585
SPOT 5                  
1 27421U 02021A   15355.50639889  .00000310  00000-0  80421-4 0  9991
2 27421  98.4837  44.8601 0135500 190.7001 169.1318 14.51731433706781
AQUA                    
1 27424U 02022A   15355.51065329  .00000641  00000-0  15243-3 0  9994
2 27424  98.2153 293.6190 0001642  58.9451   2.7862 14.57105058725100
IRS-P6 (RESOURCESAT-1)  
1 28051U 03046A   15355.51260302 -.00000093  00000-0 -22720-4 0  9998
2 28051  98.6768  70.9121 0004960 105.4847 254.6882 14.21642568632038
TANSUO 1 (TS 1)         
1 28220U 04012A   15354.85722326  .00001553  00000-0  13590-3 0  9999
2 28220  97.6236 309.4480 0010019 167.0316 193.1166 14.98126306634899
FORMOSAT-2 (ROCSAT 2)   
1 28254U 04018A   15355.58185074  .00000106  00000-0  10000-3 0  9992
2 28254  98.9679  57.4997 0002502 156.8202 339.1169 14.00768453592494
AURA                    
1 28376U 04026A   15355.50446948  .00000645  00000-0  15316-3 0  9991
2 28376  98.2153 295.7661 0001254  86.9492 273.1850 14.57109399608145
IRS-P5 (CARTOSAT-1)     
1 28649U 05017A   15355.49092940  .00001627  00000-0  20466-3 0  9995
2 28649  97.9190  65.5595 0002817  48.5229 311.6238 14.83421803575374
SINAH 1                 
1 28893U 05043D   15355.12021661  .00000402  00000-0  90167-4 0  9993
2 28893  97.8229 170.1174 0016581  71.2216  43.2709 14.61283484540993
EROS B                  
1 29079U 06014A   15355.56083355  .00011482  00000-0  55638-3 0  9998
2 29079  97.4793 110.7388 0009834 127.0811 329.3684 15.18654228535459
RESURS-DK 1             
1 29228U 06021A   15355.56552134  .00001157  00000-0  96166-4 0  9998
2 29228  69.9384  40.7679 0001651 108.7535  50.0119 15.01707129526472
ARIRANG-2 (KOMPSAT-2)   
1 29268U 06031A   15355.56012003  .00000456  00000-0  10022-3 0  9996
2 29268  98.1451 252.7802 0016979 270.8095  89.1176 14.62057583501555
LAPAN-TUBSAT            
1 29709U 07001A   15355.53519801  .00000724  00000-0  97683-4 0  9996
2 29709  97.6432 341.8385 0014319  74.2867 285.9897 14.81876168483467
CARTOSAT-2 (IRS-P7)     
1 29710U 07001B   15355.39251177 -.00003137  00000-0 -42167-3 0  9990
2 29710  97.9986  51.1282 0002512  91.6002 268.5554 14.78620647482831
HAIYANG-1B              
1 31113U 07010A   15355.52080016  .00000362  00000-0  15779-3 0  9991
2 31113  98.6494  46.0787 0013499 269.2884  90.6760 14.29825335453763
COSMO-SKYMED 1          
1 31598U 07023A   15355.51292212  .00000078  00000-0  16345-4 0  9999
2 31598  97.8797 176.6932 0001244  87.1808 272.9549 14.82162190461915
TERRASAR-X              
1 31698U 07026A   15355.17390200  .00001104  00000-0  55776-4 0  9993
2 31698  97.4452 359.5954 0001518  83.9737 346.4261 15.19149586472280
WORLDVIEW-1 (WV-1)      
1 32060U 07041A   15355.55570103  .00006303  00000-0  26120-3 0  9994
2 32060  97.8650  99.7019 0002280  48.8649  75.5246 15.24286933459431
YAOGAN 3                
1 32289U 07055A   15355.53195251  .00000121  00000-0  22577-4 0  9992
2 32289  97.9767 348.5804 0000941  86.3224 273.8093 14.80623791438280
COSMO-SKYMED 2          
1 32376U 07059A   15355.54668150  .00000646  00000-0  87696-4 0  9992
2 32376  97.8796 176.7270 0001290  78.0764 282.0615 14.82165398434667
RADARSAT-2              
1 32382U 07061A   15355.44178069  .00000069  00000-0  43563-4 0  9990
2 32382  98.5774 359.9671 0001077  89.6840  45.1143 14.29984589418583
CARTOSAT-2A             
1 32783U 08021A   15355.50512716 -.00005507  00000-0 -74484-3 0  9999
2 32783  97.9957  51.2485 0011905 279.4853  80.5024 14.78624821412795
IMS-1                   
1 32786U 08021D   15355.54029363  .00001224  00000-0  15274-3 0  9999
2 32786  97.6378  23.0285 0011813 193.3726 166.7187 14.84055509413413
JASON 2 (OSTM)          
1 33105U 08032A   15355.16388838 -.00000029  00000-0  13971-3 0  9995
2 33105  66.0392 171.7437 0007329 269.8380 234.8489 12.80930476350913
RAPIDEYE 2              
1 33312U 08040A   15355.53666991  .00001127  00000-0  15583-3 0  9994
2 33312  97.8642  78.3103 0011178 323.1337  36.9113 14.79949462394961
RAPIDEYE 5              
1 33313U 08040B   15355.49428010  .00000092  00000-0  18945-4 0  9994
2 33313  97.8517  76.2978 0016759 187.5389 172.5586 14.79952207394905
RAPIDEYE 1              
1 33314U 08040C   15355.54949016  .00000997  00000-0  13836-3 0  9992
2 33314  97.8597  78.0079 0023399 333.7376  26.2646 14.79952487394952
RAPIDEYE 3              
1 33315U 08040D   15355.51970535  .00000871  00000-0  12197-3 0  9990
2 33315  97.8499  76.0078 0010783 265.9155  94.0839 14.79950819394915
RAPIDEYE 4              
1 33316U 08040E   15355.50586983  .00000193  00000-0  32326-4 0  9994
2 33316  97.8467  75.5904 0011106 206.5438 153.5215 14.79946678394904
HUANJING 1A (HJ-1A)     
1 33320U 08041A   15355.52367375  .00000902  00000-0  13652-3 0  9992
2 33320  98.0083  56.1294 0025678 339.6565  20.3639 14.76430529392551
HUANJING 1B (HJ-1B)     
1 33321U 08041B   15355.55388422  .00001786  00000-0  26158-3 0  9998
2 33321  98.0115  57.0144 0034753 355.2834   4.8050 14.76483191392545
GEOEYE 1                
1 33331U 08042A   15355.55317281  .00000283  00000-0  62469-4 0  9992
2 33331  98.0904  67.6493 0009087 167.3572 192.7868 14.64370985389553
THEOS                   
1 33396U 08049A   15355.49662178  .00000169  00000-0  10000-3 0  9997
2 33396  98.7473  60.0483 0001103  97.2190  22.0124 14.20016698374314
COSMO-SKYMED 3          
1 33412U 08054A   15355.53404272  .00000214  00000-0  33374-4 0  9997
2 33412  97.8800 176.7141 0001381  83.4699 276.6686 14.82162956387122
YAOGAN 4                
1 33446U 08061A   15355.50786976  .00000695  00000-0  10744-3 0  9991
2 33446  97.6304  13.7998 0015401 269.7946  90.1507 14.76074966379801
GOSAT (IBUKI)           
1 33492U 09002A   15355.54289164  .00001229  00000-0  22524-3 0  9992
2 33492  98.0866 101.9653 0001348 110.2125 249.9237 14.67539943370099
YAOGAN 6                
1 34839U 09021A   15355.54698679  .00003509  00000-0  14503-3 0  9995
2 34839  97.2223  57.0104 0031680  86.8050  20.6795 15.24166054369737
DEIMOS-1                
1 35681U 09041A   15355.51768180  .00000299  00000-0  56023-4 0  9992
2 35681  98.0092 247.2397 0000207 206.3830 153.7378 14.71493647343187
DUBAISAT-1              
1 35682U 09041B   15355.54690571  .00000428  00000-0  82060-4 0  9998
2 35682  97.8730 227.7766 0013157  88.8023 271.4714 14.68356184342420
OCEANSAT 2              
1 35931U 09051A   15355.30929314  .00000492  00000-0  13570-3 0  9990
2 35931  98.2684  85.8834 0003383  73.9448 322.3906 14.50875284330597
WORLDVIEW-2 (WV-2)      
1 35946U 09055A   15355.55322858 -.00000053  00000-0 -32667-5 0  9992
2 35946  98.3936  66.2718 0000900 140.1113 220.0145 14.37697365325394
SMOS                    
1 36036U 09059A   15355.48590748  .00000342  00000-0  12323-3 0  9998
2 36036  98.4418 179.9239 0001129  89.3117 270.8201 14.39734231322370
YAOGAN 7                
1 36110U 09069A   15355.55103772 -.00000097  00000-0 -64019-5 0  9997
2 36110  98.1389 137.6009 0025382  53.4264 306.9282 14.75233238324738
TANDEM-X                
1 36605U 10030A   15355.51197109  .00002225  00000-0  10913-3 0  9994
2 36605  97.4459 359.9304 0001411  70.1440  47.9635 15.19154951305076
CARTOSAT 2B             
1 36795U 10035A   15355.47515113  .00000944  00000-0  13587-3 0  9999
2 36795  98.0001  51.2231 0014386 353.0099   7.0911 14.78627831293835
YAOGAN 10               
1 36834U 10038A   15355.55628206  .00001067  00000-0  14577-3 0  9990
2 36834  97.9014 347.9383 0000965  86.7467 273.3848 14.80612892290031
COSMO-SKYMED 4          
1 37216U 10060A   15355.56358450  .00000294  00000-0  43531-4 0  9996
2 37216  97.8797 176.7436 0001398  90.4366 269.6998 14.82162757277212
SAC-D                   
1 37673U 11024A   15354.90847907  .00000563  00000-0  96710-4 0  9997
2 37673  98.0111 359.1874 0001913 110.4490 309.2235 14.72386901243417
HAIYANG 2A              
1 37781U 11043A   15355.42432033  .00000141  00000-0  18046-3 0  9993
2 37781  99.3437   3.8399 0000978  44.1327 315.9903 13.79306650219046
RASAT                   
1 37791U 11044D   15355.22492295  .00000785  00000-0  15698-3 0  9993
2 37791  98.1545  81.8230 0022617  35.4107 324.8619 14.64464966232157
MEGHA-TROPIQUES         
1 37838U 11058A   15354.92338953  .00000386  00000-0  68733-4 0  9992
2 37838  19.9760 190.4375 0009831 214.7388 145.2374 14.09683106216212
SRMSAT                  
1 37841U 11058D   15353.94942295  .00000353  00000-0  49052-4 0  9994
2 37841  19.9702 186.8253 0011807 212.3210 298.0875 14.10515336216113
YAOGAN 13               
1 37941U 11072A   15355.43875273  .00005184  00000-0  25762-3 0  9996
2 37941  97.4608 279.1594 0002738 107.6741  27.9259 15.18082110225171
PLEIADES 1A             
1 38012U 11076F   15355.53844486  .00000669  00000-0  15369-3 0  9998
2 38012  98.1770  67.4961 0001263 108.0732 252.0607 14.58579202213612
ZIYUAN 1-02C (ZY 1-02C) 
1 38038U 11079A   15355.49929381  .00000588  00000-0  21971-3 0  9998
2 38038  98.4107  64.0966 0000550  81.7759 278.3493 14.35424208209506
ZIYUAN 3 (ZY 3)         
1 38046U 12001A   15355.51415086  .00004883  00000-0  22121-3 0  9998
2 38046  97.3495  65.9761 0002775 118.4021   9.0425 15.21319209219298
RISAT 1                 
1 38248U 12017A   15355.53549209  .00000909  00000-0  61515-4 0  9992
2 38248  97.5624 359.7574 0006302 101.6615  13.9800 15.08976070201255
ARIRANG-3 (KOMPSAT-3)   
1 38338U 12025B   15355.51730389  .00000339  00000-0  77950-4 0  9997
2 38338  98.1455 290.0456 0008796 228.8677 131.1730 14.61331348191770
KANOPUS-V 1             
1 38707U 12039A   15355.57577637  .00003092  00000-0  14449-3 0  9995
2 38707  97.4697 269.0653 0001767  99.6981  25.5090 15.20543599189487
SPOT 6                  
1 38755U 12047A   15355.55483288  .00000124  00000-0  36611-4 0  9992
2 38755  98.2082  60.0701 0000981  97.9120 262.2200 14.58538179174691
PLEIADES 1B             
1 39019U 12068A   15355.43551012  .00000325  00000-0  79646-4 0  9995
2 39019  98.1832  67.4068 0001201 100.4114 259.7224 14.58545046162452
GOKTURK 2               
1 39030U 12073A   15355.57058380  .00000545  00000-0  10886-3 0  9993
2 39030  98.0520 247.0864 0015274  49.0065 311.2465 14.65613592160736
LANDSAT 8               
1 39084U 13008A   15355.36444539  .00000325  00000-0  82235-4 0  9997
2 39084  98.2088  62.7272 0001211  98.2136 261.9200 14.57112214151860
SARAL                   
1 39086U 13009A   15355.52713940  .00000077  00000-0  44545-4 0  9999
2 39086  98.5390 180.5298 0001747 111.1260 249.0110 14.32255711147297
GAOFEN 1                
1 39150U 13018A   15355.54098888  .00001103  00000-0  16538-3 0  9991
2 39150  97.9895  75.3247 0018645  12.4438 347.7231 14.76486919143023
VNREDSAT 1              
1 39160U 13021B   15355.51521699  .00000582  00000-0  12300-3 0  9997
2 39160  98.1348  69.7287 0001058  98.8064 261.3272 14.62921712140117
ARIRANG-5 (KOMPSAT-5)   
1 39227U 13042A   15355.56375819  .00001121  00000-0  84368-4 0  9994
2 39227  97.5985 178.1297 0001591 122.2593 311.0613 15.04525584127951
SKYSAT-1                
1 39418U 13066C   15355.50290033  .00002160  00000-0  18788-3 0  9996
2 39418  97.7429  73.3617 0020494 310.8559  49.0892 14.97871170113677
DUBAISAT-2              
1 39419U 13066D   15355.53026287  .00001337  00000-0  13384-3 0  9990
2 39419  97.7344  68.0145 0012852 279.3404  80.6391 14.93021195113369
GPM-CORE                
1 39574U 14009C   15355.16891564  .00018464  00000-0  26744-3 0  9990
2 39574  65.0140 330.0648 0010324 261.4108  98.5868 15.55915698102890
SENTINEL-1A             
1 39634U 14016A   15355.55576560  .00000278  00000-0  68694-4 0  9999
2 39634  98.1823 359.9611 0001166  94.5100 265.6242 14.59200032 91413
KAZEOSAT 1              
1 39731U 14024A   15355.55278371  .00000087  00000-0  40100-4 0  9995
2 39731  98.4698  69.5354 0001041 106.0149 254.1159 14.41985958 86542
ALOS-2                  
1 39766U 14029A   15355.54982078 -.00000158  00000-0 -14234-4 0  9993
2 39766  97.9211  89.7000 0001409  86.3823 273.7546 14.79470350 85221
KAZEOSAT 2              
1 40010U 14033A   15355.43254137  .00000735  00000-0  99100-4 0  9992
2 40010  97.9382 252.0986 0016185 244.8485 115.1003 14.82061451 81409
HODOYOSHI-4             
1 40011U 14033B   15355.51300263  .00000617  00000-0  87092-4 0  9990
2 40011  97.9340 250.2558 0025904 234.9582 124.9208 14.80525461 81304
DEIMOS-2                
1 40013U 14033D   15355.57191442  .00001482  00000-0  18257-3 0  9992
2 40013  97.9222 253.2548 0000869  24.2669 335.8599 14.84424566 81546
HODOYOSHI-3             
1 40015U 14033F   15355.44950265  .00000946  00000-0  13742-3 0  9994
2 40015  97.9308 247.8372 0036142 234.3206 125.4639 14.77902975 81153
SPOT 7                  
1 40053U 14034A   15355.45044187 -.00000046  00000-0  00000+0 0  9996
2 40053  98.2224  59.5031 0001587 101.9881 258.1513 14.58557166 78618
SKYSAT-2                
1 40072U 14037D   15355.54398087  .00000677  00000-0  95456-4 0  9994
2 40072  98.3410  74.6274 0006337   8.2358 351.8955 14.80702838 78524
WORLDVIEW-3 (WV-3)      
1 40115U 14048A   15355.51149333  .00001627  00000-0  19654-3 0  9990
2 40115  97.9198  69.8088 0001053  71.6886 288.4448 14.85112156 73428
YAOGAN 21               
1 40143U 14053A   15355.52931925  .00006701  00000-0  27115-3 0  9993
2 40143  97.3688  68.3149 0010141 331.2574 153.3124 15.24983813 71559
YAOGAN 22               
1 40275U 14063A   15355.50578509 -.00000044  00000-0  00000+0 0  9998
2 40275 100.3657 108.3421 0005886 227.5523 132.5101 13.15304035 56160
ASNARO                  
1 40298U 14070A   15355.48447034  .00008110  00000-0  38416-3 0  9993
2 40298  97.4480  75.2030 0000898 100.2940 315.2749 15.19584728 62295
HODOYOSHI-1             
1 40299U 14070B   15355.51673856  .00005334  00000-0  24689-3 0  9993
2 40299  97.4443  74.7154 0013574 191.4442 287.5613 15.20469007 62273
CHUBUSAT-1              
1 40300U 14070C   15355.48318071  .00005147  00000-0  24870-3 0  9991
2 40300  97.4408  73.4144 0021080 198.2788 285.7423 15.18882796 62192
QSAT-EOS                
1 40301U 14070D   15355.54076034  .00009888  00000-0  46611-3 0  9992
2 40301  97.4357  72.6857 0029988 199.9549 284.9543 15.19289104 62162
TSUBAME                 
1 40302U 14070E   15355.56270088  .00006732  00000-0  36381-3 0  9998
2 40302  97.4327  70.2566 0041261 208.5929 258.5704 15.14281249 62015
YAOGAN 23               
1 40305U 14071A   15355.47196247  .00005362  00000-0  26599-3 0  9994
2 40305  97.3754 294.3054 0002309 102.3188  34.9867 15.18127920 60945
YAOGAN 24               
1 40310U 14072A   15355.55964064  .00001272  00000-0  18798-3 0  9998
2 40310  97.9496 111.0413 0017522  26.4419 333.7693 14.76858912 58477
CBERS-4                 
1 40336U 14079A   15355.51353373  .00000429  00000-0  16443-3 0  9992
2 40336  98.5097  68.3660 0000781 114.9357 245.1912 14.35442695 54412
RESURS P2               
1 40360U 14087A   15355.54873922  .00001868  00000-0  62109-4 0  9997
2 40360  97.2867  87.2633 0010958 137.4520 341.6017 15.32380741 55149
YAOGAN 26               
1 40362U 14088A   15355.42376679  .00008574  00000-0  33291-3 0  9994
2 40362  97.4046  69.9099 0005024 128.7754   0.0503 15.26317212 54809
SMAP                    
1 40376U 15003A   15355.45744501 -.00000637  00000-0 -11422-3 0  9999
2 40376  98.1211   0.1463 0001077  83.9165 276.2164 14.63410408 47375
KOMPSAT 3A              
1 40536U 15014A   15355.53658378  .00003451  00000-0  20301-3 0  9995
2 40536  97.5374 292.1343 0014268  76.4926  34.8706 15.12234423 40890
SENTINEL-2A             
1 40697U 15028A   15354.63408128 -.00000017  00000-0  10087-4 0  9991
2 40697  98.5671  66.4035 0001053 101.6707 258.4602 14.30815971 25822
CARBONITE 1 (CBNT-1)    
1 40718U 15032D   15354.88880079  .00000470  00000-0  78529-4 0  9993
2 40718  98.0304 242.7114 0018339  84.9820 275.3496 14.74330508 24043
YAOGAN 27               
1 40878U 15040A   15355.55508624 -.00000045  00000-0  00000+0 0  9990
2 40878 100.4776  52.8318 0008273  13.7362 346.3976 13.15943944 15314
LAPAN-A2                
1 40931U 15052B   15355.00106194  .00000958  00000-0  44790-4 0  9990
2 40931   5.9923 152.5448 0013117 101.5575 258.6066 14.76395259 12404
YAOGAN 28               
1 41026U 15064A   15355.55650615  .00009338  00000-0  32061-3 0  9999
2 41026  97.2481 122.9961 0011934  96.1334 328.3650 15.30277453  6628
YAOGAN 29               
1 41038U 15069A   15355.47114240  .00000311  00000-0  47598-4 0  9991
2 41038  97.8426 337.1808 0001355  99.2212 260.9158 14.80236758  3641
