SARSAT 7 (NOAA 15)      
1 25338U 98030A   16092.51654303  .00000080  00000-0  52389-4 0  9995
2 25338  98.7836  96.5121 0011521  52.8094 307.4135 14.25713950930064
GPS BIIR-07             
1 26690U 01004A   16092.39610267 -.00000007  00000-0  00000+0 0  9997
2 26690  52.9984 176.2892 0171375 251.3723 136.4002  2.00563131111150
METEOSAT-8 (MSG-1)      
1 27509U 02040B   16092.26590870  .00000009  00000-0  00000+0 0  9992
2 27509   4.0671  60.0229 0000757 259.0474 330.2471  1.00270167 49852
GPS BIIR-08             
1 27663U 03005A   16092.10896971 -.00000068  00000-0  00000+0 0  9995
2 27663  56.7732   2.0873 0086296  18.7224 254.6153  2.00557254 96518
INSAT 3A                
1 27714U 03013A   16091.72291907 -.00000270  00000-0  00000+0 0  9991
2 27714   0.0213 134.5605 0005831 281.9900 126.7129  1.00273541 47551
GPS BIIR-11             
1 28190U 04009A   16092.31348543  .00000008  00000-0  00000+0 0  9999
2 28190  55.7461  63.4511 0106125  41.1015 168.1005  2.00571259 88184
GPS BIIR-12             
1 28361U 04023A   16092.51090446  .00000014  00000-0  00000+0 0  9990
2 28361  54.2232 237.9774 0107973 212.1279  55.1685  2.00559833 86278
GPS BIIR-13             
1 28474U 04045A   16091.62683670  .00000043  00000-0  00000+0 0  9999
2 28474  54.0191 115.8997 0157831 237.8178 114.1818  2.00554442 83627
SARSAT 10 (NOAA 18)     
1 28654U 05018A   16092.54848238  .00000022  00000-0  37291-4 0  9999
2 28654  99.1985  97.4848 0013552 227.0703 132.9332 14.12276531559919
GPS BIIR-14M            
1 28874U 05038A   16092.25150372  .00000003  00000-0  00000+0 0  9990
2 28874  55.9127  60.6503 0112131 249.6017 302.4293  2.00564890 77032
MSG-2                   
1 28912U 05049B   16092.26574873  .00000050  00000-0  00000+0 0  9994
2 28912   1.3545  66.9693 0002176 269.7327 318.2332  1.00270968 37682
GOES 13                 
1 29155U 06018A   16091.68093615 -.00000263  00000-0  00000+0 0  9993
2 29155   0.3570 269.2024 0006461 145.3370 305.5181  1.00272511 36128
SARSAT 11 (METOP-A)     
1 29499U 06044A   16092.55120824  .00000013  00000-0  26125-4 0  9996
2 29499  98.7043 152.6206 0001633  51.0184  86.3343 14.21483121490399
GPS BIIR-16M            
1 29601U 06052A   16092.03938029 -.00000067  00000-0  00000+0 0  9996
2 29601  56.7437   1.0148 0058859  38.5431 321.9030  2.00554131 68660
GPS BIIR-17M            
1 32260U 07047A   16091.86273699  .00000013  00000-0  00000+0 0  9991
2 32260  53.3522 234.7418 0079994  26.0878 334.2856  2.00575703 62045
GPS BIIR-18M            
1 32384U 07062A   16092.39967154  .00000004  00000-0  00000+0 0  9990
2 32384  55.9674  61.1984 0011790 324.6024 201.9774  2.00573274 60787
SARSAT 12 (NOAA 19)     
1 33591U 09005A   16092.49093137  .00000113  00000-0  86542-4 0  9993
2 33591  99.0318  48.6703 0015056  75.8338 284.4505 14.12057027368310
GOES 14                 
1 35491U 09033A   16091.76423726 -.00000103  00000-0  00000+0 0  9995
2 35491   0.0984 106.6186 0003018 125.6169 127.7351  1.00272160 24769
GOES 15                 
1 36411U 10008A   16091.84868413  .00000077  00000-0  00000+0 0  9996
2 36411   0.0349 135.8356 0001634 263.0256 321.1483  1.00264984 22293
ELEKTRO-L 1             
1 37344U 11001A   16092.06266837 -.00000110  00000-0  00000+0 0  9992
2 37344   1.5543  79.6961 0003908 183.6373  25.2344  1.00271345 19070
GLONASS-K 1             
1 37372U 11009A   16091.42363713  .00000056  00000-0  00000+0 0  9999
2 37372  65.1922  79.6278 0009071 246.0280 194.3541  2.13102860 39616
GPS BIIF-2              
1 37753U 11036A   16092.37641650  .00000052  00000-0  00000+0 0  9992
2 37753  55.2367 118.4074 0051301  23.4596 274.7700  2.00566347 34488
LUCH 5A                 
1 37951U 11074B   16091.61677948  .00000000  00000-0  10000-3 0  9997
2 37951   1.8146 218.6632 0003720 171.2844 188.4451  1.00268793 15782
MSG-3                   
1 38552U 12035B   16091.47484031 -.00000017  00000-0  00000+0 0  9990
2 38552   0.6346  86.7879 0001762 188.7968  84.3935  1.00267518 13828
SARSAT 13 (METOP-B)     
1 38771U 12049A   16091.80842252  .00000012  00000-0  25547-4 0  9990
2 38771  98.6979 151.9728 0002015  78.6862  32.8543 14.21487613183424
GPS BIIF-3              
1 38833U 12053A   16090.95440406  .00000002  00000-0  00000+0 0  9995
2 38833  54.4399 296.8253 0042981  20.1581 340.0376  2.00568904 25539
GSAT0103 (GALILEO-FM3)  
1 38857U 12055A   16090.79882694  .00000004  00000-0  00000+0 0  9996
2 38857  54.9440 204.3232 0003461 215.1598 144.8119  1.70473648 21573
GSAT0104 (GALILEO-FM4)  
1 38858U 12055B   16090.73330527  .00000005  00000-0  00000+0 0  9995
2 38858  54.9445 204.3236 0002520 206.9816 152.9999  1.70473705 21524
GPS BIIF-4              
1 39166U 13023A   16092.30957427 -.00000003  00000-0  00000+0 0  9992
2 39166  55.6230  57.8077 0034158   9.1252 350.9313  2.00568045 21076
INSAT-3D                
1 39216U 13038B   16091.24698482 -.00000167  00000-0  00000+0 0  9990
2 39216   0.0426 118.3307 0000867 261.4202 340.2501  1.00270407  9900
GPS BIIF-5              
1 39533U 14008A   16091.80943065 -.00000000  00000-0  00000+0 0  9998
2 39533  54.5935 302.0123 0018313 177.4950 182.5472  2.00569666 15449
LUCH 5V                 
1 39727U 14023A   16092.20423963 -.00000284  00000-0  00000+0 0  9999
2 39727   3.5455 300.1280 0002833  70.4797 347.5698  1.00269974525132
GPS BIIF-6              
1 39741U 14026A   16092.08628550  .00000050  00000-0  00000+0 0  9993
2 39741  55.2275 117.9352 0006476 267.6286  92.3597  2.00564600 13721
GPS BIIF-7              
1 40105U 14045A   16092.17965276  .00000017  00000-0  00000+0 0  9992
2 40105  54.7419 237.6605 0004545 130.2246 229.7886  2.00570833 12178
GSAT0201                
1 40128U 14050A   16090.45596811 -.00000014  00000-0  00000+0 0  9995
2 40128  50.0339  63.0160 1585734  47.7070 324.6710  1.85519397 11048
GSAT0202                
1 40129U 14050B   16090.18610032 -.00000017  00000-0  00000-0 0  9992
2 40129  50.0904  62.0071 1585842  48.8251 323.7893  1.85520030 11262
GPS BIIF-8              
1 40294U 14068A   16092.54948260 -.00000005  00000-0  00000+0 0  9999
2 40294  54.9619 178.0606 0004040 238.6837 121.3164  2.00556202 10403
GLONASS-K 2             
1 40315U 14075A   16092.39104478 -.00000002  00000-0  00000+0 0  9996
2 40315  64.6549 320.7824 0016052 238.1130 346.4772  2.13101455 10395
GPS BIIF-9              
1 40534U 15013A   16091.69171853 -.00000069  00000-0  00000+0 0  9998
2 40534  55.0400 357.6927 0009971 349.8104  10.2001  2.00556807  7459
GSAT0203                
1 40544U 15017A   16091.12554200  .00000027  00000-0  00000+0 0  9995
2 40544  55.2875  84.5018 0004561 251.9397 108.0247  1.70476032  6265
GSAT0204                
1 40545U 15017B   16090.90908035  .00000026  00000-0  00000+0 0  9999
2 40545  55.2939  84.5168 0002106 246.1005 113.8911  1.70475514  6275
GPS BIIF-10             
1 40730U 15033A   16092.34708537 -.00000004  00000-0  00000+0 0  9995
2 40730  55.1597  57.6772 0020455 287.2130  72.5586  2.00564151  5227
GSAT 0205               
1 40889U 15045A   16091.73070077 -.00000031  00000-0  00000+0 0  9996
2 40889  57.2989 324.1494 0004589   7.6313 352.4335  1.70474439  3438
GSAT 0206               
1 40890U 15045B   16090.77752587 -.00000033  00000-0  00000+0 0  9996
2 40890  57.3026 324.1661 0003144 357.3772   2.6826  1.70474480  3445
GPS BIIF-11             
1 41019U 15062A   16091.90223436 -.00000005  00000-0  00000+0 0  9990
2 41019  54.9772 177.8525 0013764 207.7986 152.1700  2.00562087  3038
GPS BIIF-12             
1 41328U 16007A   16090.99700393  .00000023  00000-0  00000+0 0  9992
2 41328  55.0059 237.7707 0002565 270.3790  89.5653  2.00574363  1088
