AOR-E (EGNOS/PRN 120)   
1 24307U 96053A   15355.18967102 -.00000128  00000-0  00000+0 0  9993
2 24307   1.5256  80.4620 0007256 191.5380 230.2243  1.00271196 70611
ARTEMIS (EGNOS/PRN 124) 
1 26863U 01029A   15353.78882370  .00000104  00000-0  00000+0 0  9991
2 26863  12.0937  38.9433 0007578 248.4940 105.9791  1.00274807 53961
MTSAT-1R (MSAS/PRN 129) 
1 28622U 05006A   15353.68157775  .00000000  00000-0  00000-0 0  9994
2 28622   0.6525  83.9597 0019541 198.3827 139.1853  0.98910297  6101
CRE (WAAS/PRN 138)      
1 28868U 05036A   15353.62860640 -.00000076  00000-0  00000+0 0  9998
2 28868   0.0264  47.2148 0001676 263.5875 256.0962  1.00270980 37724
CRW (WAAS/PRN 135)      
1 28884U 05041A   15354.34367118  .00000076  00000-0  00000+0 0  9993
2 28884   0.0122 351.3189 0002183 300.1711 147.8509  1.00272887 37193
IOR-W (EGNOS/PRN 126)   
1 28899U 05044A   15354.58779907  .00000007  00000-0  00000+0 0  9995
2 28899   2.4704   4.5099 0002946 266.0195  93.8228  1.00272550 37084
MTSAT-2 (MSAS/PRN 137)  
1 28937U 06004A   15354.86861434 -.00000247  00000-0  00000+0 0  9990
2 28937   0.0509  99.2232 0003471 169.1883 278.4088  1.00268848 35937
AMR (WAAS/PRN 133)      
1 33278U 08039A   15355.09160796 -.00000144  00000-0  00000+0 0  9999
2 33278   3.0197 356.1037 0003028 264.4443 123.7997  1.00270974 26859
QZS-1 (QZSS/PRN 183)    
1 37158U 10045A   15354.86430080 -.00000068  00000-0  00000+0 0  9995
2 37158  40.6543 167.2567 0746194 269.9395 100.7998  1.00281697 19307
GSAT-8 (GAGAN/PRN 127)  
1 37605U 11022A   15354.68725627  .00000081  00000-0  00000+0 0  9996
2 37605   0.0794  91.2687 0008651 173.2612 126.9208  1.00272889 16820
LUCH 5A (SDCM/PRN 140)  
1 37951U 11074B   15354.48565065 -.00000046  00000-0  00000+0 0  9995
2 37951   1.9503 225.9164 0002160  32.6609 171.9875  1.00269810 14762
SES-5 (EGNOS/PRN 136)   
1 38652U 12036A   15353.87433961  .00000031  00000-0  00000+0 0  9997
2 38652   0.0523 271.3968 0001891 352.2833 144.2060  1.00271373 12641
GSAT-10 (GAGAN/PRN 128) 
1 38779U 12051B   15353.52548211 -.00000167  00000-0  00000+0 0  9992
2 38779   0.0425 271.0185 0002771 344.1892 104.7699  1.00271773 11869
LUCH 5B (SDCM/PRN 125)  
1 38977U 12061A   15355.07666688 -.00000134  00000-0  00000+0 0  9998
2 38977   2.4571  79.0670 0004064 189.1589 192.4900  1.00272940 11764
ASTRA 5B (EGNOS/PRN 123)
1 39617U 14011B   15354.07104914  .00000152  00000-0  00000+0 0  9994
2 39617   0.0414 318.8668 0003505 282.8595 263.6999  1.00269112  6449
LUCH 5V (SDCM/PRN 141)  
1 39727U 14023A   15354.89103428 -.00000271  00000-0  00000+0 0  9991
2 39727   3.7371 300.4895 0003725 333.3739 230.7718  1.00269578524106
GSAT-15 (GAGAN/PRN 139) 
1 41028U 15065A   15354.92663568 -.00000262  00000-0  00000+0 0  9995
2 41028   0.0318 275.3546 0002836 340.8710 260.0782  1.00271700   455
