AKEBONO (EXOS-D)        
1 19822U 89016A   16033.49634228  .00032479  52427-6  68785-3 0  9995
2 19822  75.0404 135.5409 2020161 194.2565 159.2154 11.44636059851308
HST                     
1 20580U 90037B   16033.18637860  .00001353  00000-0  74225-4 0  9992
2 20580  28.4704  76.6910 0002868 181.9352 237.4495 15.08108868214550
POLAR                   
1 23802U 96013A   16033.35185306 -.00000159  00000-0  00000+0 0  9993
2 23802  78.3671 283.0568 7477321 344.3327   1.7662  1.29842122 95667
SWAS                    
1 25560U 98071A   16033.23204316  .00000713  00000-0  77305-4 0  9994
2 25560  69.8989  79.9818 0010834 235.6992 124.3139 14.92874640930766
ORSTED                  
1 25635U 99008B   16033.17338222  .00000262  00000-0  70001-4 0  9990
2 25635  96.4468  49.9837 0140464  45.8498 315.4148 14.47831416893743
CXO                     
1 25867U 99040B   16035.57457039  .00000735  00000-0  00000+0 0  9999
2 25867  76.3144 301.1078 7231807 264.1630   0.3820  0.37802121 14164
XMM-NEWTON              
1 25989U 99066A   16035.04618677 -.00000444  00000-0  00000+0 0  9999
2 25989  67.1338  29.9579 8165854  94.6168   0.4679  0.50161339 18389
TERRA                   
1 25994U 99068A   16033.39827427  .00000197  00000-0  53656-4 0  9992
2 25994  98.2011 109.6188 0001141 107.1643 252.9685 14.57117542857749
CLUSTER II-FM6 (SALSA)  
1 26410U 00041A   16035.80682902 -.00000116  00000-0  00000+0 0  9996
2 26410 131.7295 327.7220 5285795 140.2640 359.3180  0.44211095 15296
CLUSTER II-FM7 (SAMBA)  
1 26411U 00041B   16035.86141873 -.00000274  00000-0  00000+0 0  9995
2 26411 130.7701 329.4845 5786585 146.6518 359.2066  0.44210303 15379
CLUSTER II-FM5 (RUMBA)  
1 26463U 00045A   16035.70923889 -.00000193  00000-0  00000+0 0  9994
2 26463 134.2254 327.1070 5468249 144.1558 359.2391  0.44256061 15871
CLUSTER II-FM8 (TANGO)  
1 26464U 00045B   16026.21178688 -.00000052  00000-0  00000+0 0  9994
2 26464 131.7111 327.6290 5303585 140.1188 274.4210  0.44218239 51166
ODIN                    
1 26702U 01007A   16033.51001904  .00002334  00000-0  16360-3 0  9999
2 26702  97.6335  49.6546 0010361 327.1353  32.9228 15.06156500816258
TIMED                   
1 26998U 01055B   16033.19115229  .00000376  00000-0  45473-4 0  9991
2 26998  74.0698 231.8570 0001015 318.3908  41.7195 14.87609418766975
RHESSI                  
1 27370U 02004A   16032.54812982  .00005100  00000-0  20601-3 0  9994
2 27370  38.0352 219.1695 0013133 298.3306  61.6138 15.24748216769565
INTEGRAL                
1 27540U 02048A   16034.79029682  .00000853  00000-0  00000+0 0  9994
2 27540  52.2034 211.2145 8051457 259.1044   0.1399  0.37733255 12423
CORIOLIS                
1 27640U 03001A   16033.14455544  .00000043  00000-0  41901-4 0  9994
2 27640  98.7506  43.9960 0013268 309.4970  93.6328 14.18884488676890
SORCE                   
1 27651U 03004A   16032.90558722  .00000454  00000-0  62585-4 0  9991
2 27651  39.9944 234.3518 0024400 312.2341  47.6377 14.88177280706073
MOST                    
1 27843U 03031D   16033.03548421  .00000022  00000-0  30705-4 0  9994
2 27843  98.7161  42.2888 0010324  24.3643 335.8020 14.20510517652800
SCISAT 1                
1 27858U 03036A   16033.51353721  .00000207  00000-0  34373-4 0  9995
2 27858  73.9334  96.0017 0009212 307.0949  52.9382 14.76972675671850
SWIFT                   
1 28485U 04047A   16032.39643035  .00002436  00000-0  14499-3 0  9992
2 28485  20.5579  40.5849 0011623  24.7688 335.3302 15.02753909612598
FORMOSAT-3 FM6          
1 29047U 06011A   16033.50623110  .00000126  00000-0  66095-4 0  9990
2 29047  71.9804 128.7066 0052620 294.4729  65.0925 14.28461877513267
FORMOSAT-3 FM1          
1 29048U 06011B   16032.50523279  .00000089  00000-0  51840-4 0  9995
2 29048  71.9675  43.4381 0046814 252.7403 218.3069 14.28412966515619
FORMOSAT-3 FM5          
1 29049U 06011C   16033.18170773  .00000106  00000-0  58495-4 0  9991
2 29049  72.0186 204.6782 0036645 290.7978  68.9234 14.28429863511483
FORMOSAT-3 FM3          
1 29050U 06011D   16033.49233638  .00000453  00000-0  10706-3 0  9994
2 29050  72.0167 152.4543 0051006 343.8468  16.1055 14.58187317523578
FORMOSAT-3 FM4          
1 29051U 06011E   16033.21039452  .00000151  00000-0  74833-4 0  9990
2 29051  72.0066 109.5693 0068022 168.2835 191.9904 14.28442445514072
FORMOSAT-3 FM2          
1 29052U 06011F   16033.52626867  .00000168  00000-0  82579-4 0  9991
2 29052  72.0341 178.4106 0042158 255.5662 104.0795 14.28545716512439
CLOUDSAT                
1 29107U 06016A   16033.21359112  .00000219  00000-0  58620-4 0  9996
2 29107  98.2210 338.4006 0001654 110.3798 249.7579 14.57118150519474
CALIPSO                 
1 29108U 06016B   16033.21242184  .00000370  00000-0  92155-4 0  9996
2 29108  98.2215 337.9839 0001255  81.6154 278.5187 14.57126952519408
HINODE (SOLAR-B)        
1 29479U 06041A   16032.55813276  .00000272  00000-0  60155-4 0  9993
2 29479  98.1553  35.0676 0017216   0.1697 359.9509 14.64625043499963
SJ-6C                   
1 29505U 06046A   16033.44304869  .00000292  00000-0  32680-4 0  9994
2 29505  97.8022  31.9552 0002792 348.4782  11.6327 14.94057527505095
SJ-6D                   
1 29506U 06046B   16033.39468413  .00000253  00000-0  29763-4 0  9990
2 29506  97.8190  30.8980 0003002  48.1326 312.0169 14.93025768504821
AGILE                   
1 31135U 07013A   16033.25771173  .00005096  00000-0  14492-3 0  9993
2 31135   2.4688  43.2813 0013474 138.3235 221.7846 15.27198954486928
AIM                     
1 31304U 07015A   16033.16714003  .00004188  00000-0  26082-3 0  9991
2 31304  97.9487 184.4577 0006237  49.6011 310.5761 15.10157477479250
FGRST (GLAST)           
1 33053U 08029A   16033.52029555  .00001133  00000-0  49684-4 0  9992
2 33053  25.5820 169.9125 0012246 252.6132 107.3063 15.10409559421520
IBEX                    
1 33401U 08051A   16034.31574671 -.00001889  00000-0  00000+0 0  9999
2 33401  25.8738  44.6925 4616402 135.3828 356.8940  0.09933274  3093
WISE                    
1 36119U 09071A   16033.10514212  .00002622  00000-0  10341-3 0  9990
2 36119  97.4914  53.9140 0001172 306.6924  53.4207 15.26471076339789
SDO                     
1 36395U 10005A   16031.40946198 -.00000060  00000-0  00000+0 0  9990
2 36395  28.2884 149.5399 0002391 174.6989 211.2457  1.00268732 22037
CRYOSAT 2               
1 36508U 10013A   16032.51382753  .00000025  00000-0  54360-5 0  9993
2 36508  92.0277  81.0836 0005784 239.2458 120.8180 14.52175444308350
PICARD                  
1 36598U 10028A   16033.54570174  .00000082  00000-0  32269-4 0  9994
2 36598  98.3071 219.6327 0002541  80.9467 279.2022 14.50411081298184
SPEKTR-R                
1 37755U 11037A   16038.02456844 -.00022698  00000-0  00000+0 0  9997
2 37755  46.5685  79.9206 8791152 236.8394   1.1238  0.11175951  1954
GCOM-W1 (SHIZUKU)       
1 38337U 12025A   16033.50816907  .00000225  00000-0  59934-4 0  9996
2 38337  98.2205 334.9655 0001326  81.2494  50.0873 14.57106381197452
NUSTAR                  
1 38358U 12031A   16033.35126249  .00001657  00000-0  10349-3 0  9998
2 38358   6.0277 342.8655 0012533 283.7762  76.0972 14.87154569197742
RBSP A                  
1 38752U 12046A   16031.45631239 -.00000196  00000-0 -21376-3 0  9992
2 38752  10.1210  63.3730 6820126  44.2645 353.4557  2.68101522 33403
RBSP B                  
1 38753U 12046B   16031.53968657 -.00000178  00000-0 -31048-3 0  9996
2 38753  10.0972  68.9613 6835678  33.4299 355.3048  2.65109438 33230
NEOSSAT                 
1 39089U 13009D   16032.54302266  .00000129  00000-0  61577-4 0  9994
2 39089  98.5893 234.0534 0010849 349.7600  10.3362 14.34316473153487
BRITE-AUSTRIA           
1 39091U 13009F   16033.11992945  .00000051  00000-0  33642-4 0  9996
2 39091  98.5880 235.6493 0010469 359.5993   0.5182 14.34950520153634
UNIBRITE                
1 39092U 13009G   16033.49353461  .00000073  00000-0  41369-4 0  9991
2 39092  98.5882 235.7823 0009202 352.2299   7.8742 14.34823762153670
IRIS                    
1 39197U 13033A   16032.52839407  .00000520  00000-0  78648-4 0  9993
2 39197  97.9104 216.3282 0027912   0.7279 359.3968 14.78095465139994
HISAKI (SPRINT-A)       
1 39253U 13049A   16033.38316057  .00000032  00000-0 -46293-4 0  9999
2 39253  29.7214  28.9857 0136816 281.6331  76.8914 13.55146738118252
CASSIOPE                
1 39265U 13055A   16033.50740355  .00007731  00000-0  23747-3 0  9995
2 39265  80.9741 171.1882 0710728 256.8802  95.2182 14.17148754120428
DANDE                   
1 39267U 13055C   16033.22656758  .00005044  00000-0  15692-3 0  9994
2 39267  81.0157 176.1820 0730712 266.1757  85.5648 14.12645576120178
STSAT-3                 
1 39422U 13066G   16033.53082288  .00000384  00000-0  46366-4 0  9999
2 39422  97.7179 104.1693 0024702  91.0096 269.3941 14.89045670119410
BRITE-PL                
1 39431U 13066R   16033.11548897  .00000142  00000-0  41078-4 0  9993
2 39431  97.6823  50.5523 0202122 227.1452 131.2611 14.46654138115991
SWARM B                 
1 39451U 13067A   16032.53469898  .00001293  00000-0  57996-4 0  9998
2 39451  87.7498  37.8439 0003420 106.4793 253.6828 15.20283542121617
SWARM A                 
1 39452U 13067B   16033.18753648  .00003757  00000-0  93259-4 0  9999
2 39452  87.3509 352.7373 0003925 100.1834 259.9863 15.39982411122979
SWARM C                 
1 39453U 13067C   16033.18748028  .00003706  00000-0  91963-4 0  9990
2 39453  87.3510 354.1452 0003804  99.8752 260.2933 15.39982318122930
BRITE-TORONTO           
1 40020U 14033L   16033.49793256  .00000222  00000-0  46650-4 0  9996
2 40020  97.9073 278.6400 0089086 117.7607 243.2666 14.66186376 86720
OCO 2                   
1 40059U 14035A   16033.48110487  .00000206  00000-0  55817-4 0  9995
2 40059  98.2209 336.1121 0001670  78.9062 281.2324 14.57117771 84479
BRITE-PL 2              
1 40119U 14049B   16032.82894336  .00000484  00000-0  64953-4 0  9995
2 40119  97.9703 114.5029 0016351 285.2518  74.6888 14.83792290 78800
RESURS P2               
1 40360U 14087A   16033.56701542  .00001879  00000-0  62109-4 0  9993
2 40360  97.2842 129.6145 0010307   1.7903  52.5964 15.32564680 61734
MMS 1                   
1 40482U 15011A   16032.53284557 -.00000174  00000-0  00000+0 0  9999
2 40482  28.7330 355.4430 8155376  78.5357  15.9994  1.00498660  3270
MMS 2                   
1 40483U 15011B   16032.81002539 -.00000166  00000-0  00000+0 0  9990
2 40483  28.7297 355.4035 8158078  78.6030 116.2527  1.00498398  3270
MMS 3                   
1 40484U 15011C   16032.67901507 -.00000169  00000-0  00000+0 0  9991
2 40484  28.7318 355.4212 8157436  78.5560  68.9188  1.00498706  3275
MMS 4                   
1 40485U 15011D   16032.81002539 -.00000166  00000-0  00000+0 0  9992
2 40485  28.7403 355.3962 8157528  78.6009 116.2799  1.00498505  3275
ASTROSAT                
1 40930U 15052A   16033.18414209  .00000815  00000-0  24953-4 0  9992
2 40930   5.9901 204.9885 0013111 352.1121   7.9028 14.76245921 18804
DAMPE                   
1 41173U 15078A   16033.50437604  .00000370  00000-0  18482-4 0  9996
2 41173  97.2987  49.5701 0015323 116.7693   5.7485 15.23247488  7238
