ISS (ZARYA)             
1 25544U 98067A   16022.58743333  .00010690  00000-0  16545-3 0  9997
2 25544  51.6425  69.1213 0006674  46.9223 116.4671 15.54622226982174
TIANGONG 1              
1 37820U 11053A   16022.46872751  .00015606  00000-0  20411-3 0  9990
2 37820  42.7648  41.9519 0008656 121.8136  27.4260 15.58346766247655
SPINSAT                 
1 40314U 98067FL  16022.55858008  .00027584  00000-0  22994-3 0  9997
2 40314  51.6384  50.4402 0003429 216.0795 143.9971 15.69862452117016
FLOCK 1E-2              
1 40722U 98067GE  16022.47832319  .00153235  00000-0  77715-3 0  9992
2 40722  51.6406  55.5803 0004724  20.9633 121.8485 15.80513329 30150
FLOCK 1E-1              
1 40723U 98067GF  16022.35223964  .00134127  00000-0  10434-2 0  9993
2 40723  51.6430  60.1503 0002911 324.3325 124.5558 15.70811168 30031
FLOCK 1E-4              
1 40724U 98067GG  16022.51517921  .00057004  00000-0  46833-3 0  9992
2 40724  51.6398  59.6265 0000977 176.9410 332.6245 15.69867955 30059
FLOCK 1E-3              
1 40725U 98067GH  16022.50586991  .00070841  00000-0  51617-3 0  9995
2 40725  51.6384  57.2870 0000973  91.1429  56.8031 15.72642668 30059
FLOCK 1E-7              
1 40726U 98067GJ  16022.53726981  .00046771  00000-0  40289-3 0  9992
2 40726  51.6418  59.7624 0004147 322.1593 191.1260 15.68795121 29905
FLOCK 1E-8              
1 40727U 98067GK  16021.69559236  .00129228  00000-0  10006-2 0  9998
2 40727  51.6425  63.2630 0005178 310.0537 145.8504 15.70930216 29771
FLOCK 1E-5              
1 40728U 98067GL  16022.51031380  .00050729  00000-0  42507-3 0  9997
2 40728  51.6388  59.5922 0003197 289.2094 217.4570 15.69435946 29908
FLOCK 1E-6              
1 40729U 98067GM  16022.40286086  .00050374  00000-0  41067-3 0  9997
2 40729  51.6388  59.7119 0002850 273.3376 187.5579 15.70104190 29903
FLOCK 1E-9              
1 40736U 98067GN  16022.51022992  .00680062  19483-3  21127-2 0  9996
2 40736  51.6460  56.5663 0006254  36.2731 118.2717 15.91007530 29924
FLOCK 1E-10             
1 40737U 98067GP  16022.48274059  .00052277  00000-0  44586-3 0  9994
2 40737  51.6411  60.1816 0002477 330.5654 170.9313 15.68995749 29883
FLOCK 1E-11             
1 40738U 98067GQ  16022.50331310  .00048084  00000-0  38496-3 0  9996
2 40738  51.6379  58.0327 0000740  25.0015 119.8786 15.70562962 29738
FLOCK 1E-12             
1 40739U 98067GR  16022.41597792  .00050743  00000-0  43444-3 0  9999
2 40739  51.6453  60.5707 0003829 272.5501 195.3194 15.68910495 29706
FLOCK 1E-13             
1 40740U 98067GS  16022.50740259  .00053438  00000-0  44461-3 0  9993
2 40740  51.6417  59.5786 0003437 337.7731 172.2555 15.69584989 29708
FLOCK 1E-14             
1 40741U 98067GT  16022.49946090  .00051324  00000-0  42713-3 0  9993
2 40741  51.6426  59.5254 0002703 305.3121 209.3942 15.69598155 29698
SOYUZ-TMA 18M           
1 40885U 15043A   16020.59268367  .00008347  00000-0  13105-3 0  9998
2 40885  51.6420  79.0716 0006528  40.7830 111.4606 15.54571801981866
SERPENS                 
1 40897U 98067GX  16022.10734603  .00105679  00000-0  75564-3 0  9991
2 40897  51.6349  63.9747 0007649  29.4746 330.6683 15.72886438 19687
S-CUBE                  
1 40898U 98067GY  16021.73168724  .00043132  00000-0  47296-3 0  9991
2 40898  51.6400  69.7444 0007910  26.7840 333.3562 15.62763690 19577
PROGRESS-M 29M          
1 40944U 15055A   16020.59268367  .00008347  00000-0  13105-3 0  9997
2 40944  51.6420  79.0716 0006528  40.7830 111.4606 15.54571801981862
CYGNUS ORB-4            
1 41101U 15072A   16020.59268367  .00008347  00000-0  13105-3 0  9992
2 41101  51.6420  79.0716 0006528  40.7830 111.4606 15.54571801981868
SOYUZ-TMA 19M           
1 41124U 15076A   16020.59268367  .00008347  00000-0  13105-3 0  9991
2 41124  51.6420  79.0716 0006528  40.7830 111.4606 15.54571801981863
PROGRESS-MS 01          
1 41177U 15080A   16020.59268367  .00008347  00000-0  13105-3 0  9994
2 41177  51.6420  79.0716 0006528  40.7830 111.4606 15.54571801981861
