PRATHAM                 
1 41783U 16059A   16292.49489539  .00000228  00000-0  53936-4 0  9997
2 41783  98.2026 349.9106 0033304 196.2779 163.7358 14.62769802  3278
PISAT                   
1 41784U 16059B   16292.14761563  .00000334  00000-0  74160-4 0  9990
2 41784  98.2030 349.5772 0031371 197.7875 162.2240 14.63123746  3180
ALSAT 1B                
1 41785U 16059C   16292.41980635  .00001426  00000-0  28451-3 0  9998
2 41785  98.2028 349.8513 0030893 195.6562 164.3669 14.63214872  3226
ALSAT 2B                
1 41786U 16059D   16292.50230147  .00000368  00000-0  75566-4 0  9999
2 41786  98.2303 350.1088 0001222  88.7476 271.3868 14.66294154  3241
PATHFINDER 1            
1 41787U 16059E   16292.41619877  .00000267  00000-0  60731-4 0  9997
2 41787  98.2031 349.8571 0030195 195.7747 164.2519 14.63450738  3223
CANX-7                  
1 41788U 16059F   16291.79823143  .00000301  00000-0  66973-4 0  9994
2 41788  98.2026 349.2465 0029426 199.6731 160.3318 14.63628206  3136
ALSAT 1N                
1 41789U 16059G   16292.40848586  .00000302  00000-0  66777-4 0  9995
2 41789  98.2032 349.8675 0028198 191.5864 168.4689 14.63961767  3239
SCATSAT 1               
1 41790U 16059H   16292.34444561  .00000105  00000-0  37874-4 0  9992
2 41790  98.1025 346.1466 0011399 165.5688 194.5835 14.50102543  3216
PSLV R/B                
1 41791U 16059J   16291.77227077  .00000137  00000-0  37784-4 0  9995
2 41791  98.2771 349.1862 0041657 205.7538 154.1588 14.60737196  3159
PSLV DEB                
1 41792U 16059K   16291.72358700  .00000871  00000-0  17451-3 0  9992
2 41792  98.2058 349.1950 0027049 199.3081 160.7099 14.64066046  3126
GSAT-18                 
1 41793U 16060A   16291.93775907 -.00000104  00000-0  00000-0 0  9999
2 41793   0.1081 272.0228 0008622 106.6449  58.8317  1.00357528   156
SKY MUSTER II           
1 41794U 16060B   16291.51981299 -.00000288  00000-0  00000-0 0  9990
2 41794   0.0456 283.9180 0002484 232.2298 202.7857  1.00074468   178
ARIANE 5 R/B            
1 41795U 16060C   16290.13302073  .00003090  00000-0  78426-3 0  9998
2 41795   5.7039 145.7574 7279350 183.9532 162.5611  2.28467372   237
ARIANE 5 DEB [SYLDA]    
1 41796U 16060D   16290.56563951  .00022085  00000-0  57752-2 0  9993
2 41796   6.0075 142.9807 7279532 186.9063 150.6664  2.28472849   235
SHENZHOU 11 (SZ-11)     
1 41812U 16061A   16292.50984508 -.00049159  00000-0 -47080-3 0  9991
2 41812  42.7851 359.7839 0007735 268.0740 232.1227 15.65717640   245
CZ-2F R/B               
1 41813U 16061B   16292.52629770 -.00002677  84701-5  00000+0 0  9996
2 41813  42.7886 359.3733 0128080 141.5214 219.4868 15.99442769   211
CZ-2F DEB               
1 41814U 16061C   16292.54658355  .06309536  79511-5  50857-2 0  9990
2 41814  42.5958 359.9312 0186127 126.1860 235.6380 15.86529077   157
CZ-2F DEB               
1 41815U 16061D   16292.54585622  .05471453  80532-5  40990-2 0  9996
2 41815  42.6483 359.8208 0187361 122.7237 239.1846 15.87091258   147
CZ-2F DEB               
1 41816U 16061E   16292.49470294  .04300524  79242-5  42123-2 0  9994
2 41816  42.9423 359.7315 0241015 141.6541 220.1611 15.72701476   142
CZ-2F DEB               
1 41817U 16061F   16292.55726411  .05539053  78316-5  52264-2 0  9997
2 41817  42.8874 359.4270 0231905 145.8141 215.7840 15.75078345   158
2016-062A               
1 41818U 16062A   16292.37395477 -.00003565  11274-4  00000+0 0  9990
2 41818  51.6143 164.0097 0101800 147.9068  12.3866 15.96185929    63
2016-062B               
1 41819U 16062B   16292.66495065  .00483673  11295-4  61733-3 0  9995
2 41819  51.5814 162.4780 0095385 148.2790 248.9737 15.98023880   114
