METEOSAT-7              
1 24932U 97049B   16272.92758315  .00000033  00000-0  00000+0 0  9992
2 24932  10.3349  39.6408 0001356 185.9331 174.1031  1.00271848 69842
NOAA 15                 
1 25338U 98030A   16273.50782903  .00000065  00000-0  46372-4 0  9991
2 25338  98.7855 277.8789 0009630 240.5614 119.4605 14.25755437955854
METEOSAT-8 (MSG-1)      
1 27509U 02040B   16273.03139807  .00000119  00000-0  00000+0 0  9999
2 27509   4.3819  59.3110 0001694 179.4123 182.2012  1.00266624 51678
KALPANA-1 (METSAT 1)    
1 27525U 02043A   16272.93225831 -.00000096  00000-0  00000+0 0  9996
2 27525   5.9083  56.9585 0014092 215.7505 144.3113  1.00263716 51466
INSAT-3A                
1 27714U 03013A   16273.50275541 -.00000284  00000-0  00000+0 0  9990
2 27714   0.0119 146.9822 0004651 343.2282 152.9733  1.00271396 49378
NOAA 18                 
1 28654U 05018A   16273.48911347  .00000043  00000-0  48607-4 0  9991
2 28654  99.1979 283.1348 0015308  83.3800 276.9112 14.12306832585454
METEOSAT-9 (MSG-2)      
1 28912U 05049B   16273.17831956  .00000037  00000-0  00000+0 0  9998
2 28912   1.6932  69.2901 0000961 137.1778 235.4050  1.00275466 39509
MTSAT-2                 
1 28937U 06004A   16274.15009905 -.00000267  00000-0  00000+0 0  9993
2 28937   0.0195 253.9659 0003438 297.6682  16.7338  1.00271128 38789
FORMOSAT-3 FM6          
1 29047U 06011A   16274.18787668  .00000141  00000-0  71950-4 0  9993
2 29047  71.9817 357.6766 0052175 241.9848 117.6005 14.28534252547634
FORMOSAT-3 FM1          
1 29048U 06011B   16273.48772698  .00000060  00000-0  40184-4 0  9998
2 29048  71.9660 271.5374 0044838 199.9072 326.7540 14.28470894550023
FORMOSAT-3 FM5          
1 29049U 06011C   16274.49958068  .00000081  00000-0  48350-4 0  9994
2 29049  72.0191  73.4598 0036384 235.9784 123.7895 14.28504525545942
FORMOSAT-3 FM3          
1 29050U 06011D   16274.19894801  .00000421  00000-0  99675-4 0  9991
2 29050  72.0182 358.1722 0052338 269.2685  90.2470 14.58371839558666
FORMOSAT-3 FM4          
1 29051U 06011E   16274.52534494  .00000160  00000-0  78382-4 0  9990
2 29051  72.0075 337.9422 0066379 109.7889 251.0421 14.28526724548534
FORMOSAT-3 FM2          
1 29052U 06011F   16274.47518828  .00000029  00000-0  27468-4 0  9991
2 29052  72.0352  48.2305 0040691 199.7105 160.2461 14.28614464546840
GOES 13                 
1 29155U 06018A   16273.18451203 -.00000276  00000-0  00000+0 0  9995
2 29155   0.0490 127.3608 0001599   0.4757 232.1882  1.00265721 37944
METOP-A                 
1 29499U 06044A   16272.92815972  .00000020  00000-0  29180-4 0  9994
2 29499  98.7183 330.3996 0001106 156.2739 196.2950 14.21488259515833
FENGYUN 2D              
1 29640U 06053A   16273.90367223 -.00000380  00000-0  10000-3 0  9992
2 29640   3.9698  65.6988 0001773 283.5061 108.9082  1.00272656 35996
FENGYUN 3A              
1 32958U 08026A   16274.42519326  .00000017  00000-0  27503-4 0  9994
2 32958  98.4430 309.6703 0009162 321.0717  38.9805 14.19632337432487
FENGYUN 2E              
1 33463U 08066A   16274.55258203 -.00000221  00000-0  00000+0 0  9994
2 33463   1.6934  64.2739 0004711 208.3009  22.4999  1.00275919 28526
NOAA 19                 
1 33591U 09005A   16274.52125267  .00000127  00000-0  94286-4 0  9998
2 33591  99.0526 232.2197 0013010 284.3993  75.5733 14.12111026394008
GOES 14                 
1 35491U 09033A   16273.26720521 -.00000118  00000-0  00000+0 0  9991
2 35491   0.3078 270.7468 0008391 299.8933 149.3212  1.00272118 26585
METEOR-M 1              
1 35865U 09049A   16274.55418202  .00000039  00000-0  36280-4 0  9991
2 35865  98.4481 301.5211 0002627 158.5488 201.5801 14.22080945365198
GOES 15                 
1 36411U 10008A   16274.34951028  .00000065  00000-0  00000+0 0  9996
2 36411   0.3214 272.7783 0002794 283.0803 164.1455  1.00277588 24122
COMS 1                  
1 36744U 10032A   16273.77913995 -.00000369  00000-0  00000+0 0  9997
2 36744   0.0318 111.7950 0001004 134.8922 170.9684  1.00271613 23085
FENGYUN 3B              
1 37214U 10059A   16274.11990425  .00000021  00000-0  33413-4 0  9994
2 37214  98.8553 227.9826 0016964 156.7830 203.4115 14.15826328305744
ELEKTRO-L 1 (GOMS 2)    
1 37344U 11001A   16273.17154883 -.00000141  00000-0  00000+0 0  9996
2 37344   1.9053  78.8919 0000955 241.7185  95.1674  1.00267487 20885
SUOMI NPP               
1 37849U 11061A   16274.50620083  .00000008  00000-0  24680-4 0  9996
2 37849  98.7058 211.1080 0001367 121.1298  17.5120 14.19543480255247
FENGYUN 2F              
1 38049U 12002A   16273.63782777 -.00000379  00000-0  00000+0 0  9994
2 38049   1.1867  76.5896 0003306 206.6712  66.7673  1.00259411 17316
METEOSAT-10 (MSG-3)     
1 38552U 12035B   16271.03792994 -.00000009  00000-0  10000-3 0  9998
2 38552   0.5371  19.7683 0002265 194.6987 166.2634  1.00277550 15634
METOP-B                 
1 38771U 12049A   16273.47227759  .00000029  00000-0  33334-4 0  9995
2 38771  98.7187 331.4767 0000125 167.6459 254.4045 14.21483523209238
FENGYUN 3C              
1 39260U 13052A   16274.47190856 -.00000030  00000-0  63302-5 0  9994
2 39260  98.6826 343.7393 0001391  59.7270 300.4046 14.19626140156538
METEOR-M 2              
1 40069U 14037A   16274.41464073 -.00000061  00000-0 -81509-5 0  9990
2 40069  98.6956 328.0098 0004597 241.5436 118.5287 14.20634055115676
HIMAWARI 8              
1 40267U 14060A   16273.58521003 -.00000303  00000-0  00000+0 0  9999
2 40267   0.0265 196.2677 0001000   5.1595 158.5686  1.00268132  7298
FENGYUN 2G              
1 40367U 14090A   16273.68767137 -.00000356  00000-0  00000+0 0  9992
2 40367   0.9780 269.4210 0001881 348.3344 102.9031  1.00282411  6479
METEOSAT-11 (MSG-4)     
1 40732U 15034A   16272.68999084 -.00000062  00000-0  00000+0 0  9998
2 40732   2.3122 253.1421 0001643 345.4939  13.8862  1.00271868  4462
ELEKTRO-L 2             
1 41105U 15074A   16273.09679565 -.00000123  00000-0  00000+0 0  9990
2 41105   0.0518 300.5895 0001063 249.3800 289.0884  1.00270034  2944
