OSCAR 7
1 07530U 74089B   15311.57765932 -.00000029  00000-0  94729-4 0  9995
2 07530 101.5418 283.0650 0012307  25.1071  86.1566 12.53617586875220
OSCAR 8
1 10703U 78026B   15312.49320553 -.00000089  00000-0 -32587-4 0  9995
2 10703  98.8017 284.2578 0007308 154.0055 283.9003 13.99176646922549
RADIO 3
1 12997U 81120A   15311.94059598 -.00000007 +00000-0 -17428-3 0  9994
2 12997 082.9596 253.6372 0059363 099.0392 324.7138 12.15808721503949
RADIO 8
1 12998U 81120B   15312.21814343 -.00000129  00000-0 -16518-2 0  9996
2 12998  82.9613  58.4318 0019465 121.6702 258.6778 12.03143168488522
RADIO 5
1 12999U 81120C   15311.89327817 -.00000097 +00000-0 -12322-2 0  9998
2 12999 082.9644 031.6468 0013911 348.1935 060.9443 12.05253035490848
RADIO 4
1 13000U 81120D   15311.67388987  .00000064  00000-0  62642-3 0  9996
2 13000  82.9642  12.6791 0018238 224.6315 252.1054 12.06861218493053
RADIO 7
1 13001U 81120E   15311.63745816 -.00000003 +00000-0 -13661-3 0  9993
2 13001 082.9599 344.2371 0025192 098.7681 019.5795 12.08890314495269
RADIO 6
1 13002U 81120F   15311.96575916 +.00000063 +00000-0 +55871-3 0  9995
2 13002 082.9572 280.5173 0050293 210.7332 203.6504 12.13785241501431
OSCAR 10
1 14129U 83058B   15312.51497745 -.00000151  00000-0  00000+0 0  9992
2 14129  26.1925 128.6940 6055610 147.5527 304.2704  2.05871231215735
OSCAR 11 (UoSAT 2)
1 14781U 84021B   15312.20406292  .00000609  00000-0  82179-4 0  9999
2 14781  97.7837   5.6058 0007717 329.1307  30.9452 14.82564005703362
JAS 1 (FUJI 1)
1 16909U 86061B   15312.85988984 -.00000078  00000-0  13686-3 0  9990
2 16909  50.0132 181.3705 0011310  29.0549  59.6888 12.44464934329805
COSMOS 1861
1 18129U 87054A   15312.13501172  .00000052  00000-0  40126-4 0  9991
2 18129  82.9234 309.9874 0010299 282.6535 148.4918 13.72966751421912
OSCAR 14 (UOSAT 3)
1 20437U 90005B   15312.42269249  .00000086  00000-0  48126-4 0  9999
2 20437  98.5965 248.3490 0011736 104.1620   7.2323 14.32175792347217
OSCAR 15 (UOSAT 4)
1 20438U 90005C   15311.78486867 +.00000044 +00000-0 +33639-4 0  9992
2 20438 098.6426 249.4441 0010302 153.4543 264.7796 14.30927965346047
OSCAR 16 (PACSAT)
1 20439U 90005D   15311.80411106 +.00000112 +00000-0 +57249-4 0  9999
2 20439 098.5521 245.9580 0011976 095.5509 291.1628 14.32583002347056
OSCAR 17 (DOVE)
1 20440U 90005E   15311.82834773  .00000143  00000-0  68073-4 0  9993
2 20440  98.5333 245.9399 0012039  83.6043 335.1277 14.32966447347528
OSCAR 18 (WEBERSAT)
1 20441U 90005F   15312.83329394  .00000091  00000-0  49343-4 0  9995
2 20441  98.5376 246.2895 0012656  88.3380 334.9784 14.32632303347534
OSCAR 19 (LUSAT)
1 20442U 90005G   15312.41411140  .00000102  00000-0  53270-4 0  9998
2 20442  98.5229 245.6781 0012958  82.3833 277.8822 14.32772495347592
JAS 1B (FUJI 2)
1 20480U 90013C   15312.56528797 -.00000042  00000-0 -13472-4 0  9997
2 20480  99.0445 185.7070 0539421 280.6047 133.5750 12.83408569206475
INFORMATOR 1
1 21087U 91006A   15311.98529605  .00000054  00000-0  40841-4 0  9999
2 21087  82.9406 116.3458 0034019 248.9249 224.2671 13.75219705243296
COSMOS 2123
1 21089U 91007A   15312.16735909  .00000039  00000-0  25807-4 0  9997
2 21089  82.9222 333.5603 0028004 305.2120 118.6614 13.74624400241967
OSCAR 22 (UoSAT 5)
1 21575U 91050B   15312.20049946  .00000144  00000-0  59648-4 0  9996
2 21575  98.7511 303.5268 0006288 243.5983 245.3289 14.40681741276765
OSCAR 23 (KITSAT 1)
1 22077U 92052B   15311.92942598 -.00000070 +00000-0 -34864-4 0  9993
2 22077 066.0817 116.6556 0015328 279.9025 236.2700 12.86509024091479
ARASENE
1 22654U 93031B   15311.37623015 -.00000150  00000-0  00000+0 0  9999
2 22654   2.6592 286.8097 2887714 304.9817 187.3328  1.42205429112302
KITSAT B
1 22825U 93061C   15311.85141421 +.00000084 +00000-0 +50059-4 0  9990
2 22825 098.7273 262.1215 0007374 246.0007 114.0403 14.29915100153190
POSAT 1
1 22826U 93061D   15312.43567415  .00000081  00000-0  48778-4 0  9993
2 22826  98.7218 262.8569 0007968 234.7078 125.3359 14.30235352153708
ITAMSAT
1 22828U 93061F   15311.86150788  .00000094  00000-0  53070-4 0  9997
2 22828  98.7130 261.3577 0009300 204.1592 155.9155 14.30543008121966
EYESAT A
1 22829U 93061G   15311.99429719  .00000079  00000-0  47093-4 0  9996
2 22829  98.7159 263.7033 0009334 194.7637 253.1546 14.30886237154091
RADIO ROSTO
1 23439U 94085A   15311.86443358 -.00000033 +00000-0 +28060-3 0  9995
2 23439 064.8142 089.1030 0158819 346.8101 012.8694 11.27563650859350
JAS 2
1 24278U 96046B   15311.82705456 +.00000023 +00000-0 +57374-4 0  9991
2 24278 098.5622 261.3215 0351276 058.5877 354.0406 13.53059313949187
TMSAT
1 25396U 98043C   15312.20584648  .00000071  00000-0  49219-4 0  9995
2 25396  98.5095 260.9728 0001680 220.0130 196.3370 14.24351811900615
TECHSAT 1B
1 25397U 98043D   15311.83907707 +.00000039 +00000-0 +35877-4 0  9998
2 25397 098.5380 257.8947 0000147 295.5563 117.6715 14.23567820900005
SEDSAT 1
1 25509U 98061B   15311.95668895  .00000354  00000-0  55083-4 0  9999
2 25509  31.4324 156.2582 0347852 254.0100 102.1946 14.30090161890016
PAN SAT
1 25520U 98064B   15311.61989655 +.00003006 +00000-0 +10257-3 0  9998
2 25520 028.4594 022.7328 0005599 336.0181 172.8647 15.26875898944014
ISS (ZARYA)
1 25544U 98067A   15355.13133534  .00018357  00000-0  27491-3 0  9992
2 25544  51.6438 231.1133 0008100 305.0563 214.8814 15.54985591977120
ORSTED
1 25635U 99008B   15311.94368266 +.00000343 +00000-0 +90373-4 0  9998
2 25635 096.4543 344.1109 0138247 320.9066 157.3069 14.47775535880978
SUNSAT
1 25636U 99008C   15311.96748541 +.00000174 +00000-0 +52086-4 0  9990
2 25636 096.4506 329.9442 0146615 025.8982 031.9500 14.44490980879728
OSCAR 36 (UOSAT 12)
1 25693U 99021A   15312.53581963  .00000217  00000-0  46898-4 0  9997
2 25693  64.5543 133.5162 0030389 223.1241 171.1532 14.80540266893313
KITSAT 3
1 25756U 99029A   15312.21942758  .00000177  00000-0  53430-4 0  9998
2 25756  98.4195 218.2699 0012705 239.8147 273.3256 14.53539818872214
TUBSAT
1 25757U 99029B   15311.97385971 +.00000176 +00000-0 +55630-4 0  9992
2 25757 098.4394 211.6604 0013492 296.5270 063.4542 14.51300246871292
IRS P4 (OCEANSAT 1)
1 25758U 99029C   15312.21796480  .00000261  00000-0  75022-4 0  9994
2 25758  98.2052  34.4695 0001962 276.1101 136.8433 14.52176551871542
TIUNGSAT 1
1 26548U 00057D   15312.20994272  .00001002  00000-0  12289-3 0  9992
2 26548  64.5528  33.0680 0041995 302.4056  83.9448 14.88381550818720
AMSAT OSCAR 40
1 26609U 00072B   15312.07243945 -.00000404  00000-0  00000+0 0  9996
2 26609   9.3516 329.7328 7965401 281.4497   7.0149  1.25587747 68966
PCSAT
1 26931U 01043C   15311.91596576 +.00000067 +00000-0 +57647-4 0  9994
2 26931 067.0500 166.3304 0006591 277.3389 082.6963 14.30356804736288
SAPPHIRE
1 26932U 01043D   15312.57263996  .00000031  00000-0  44091-4 0  9995
2 26932  67.0547 166.1752 0005587 291.6262  68.4243 14.30176525736483
RUBIN 2
1 27605U 02058A   15312.54354248  .00000384  00000-0  75367-4 0  9999
2 27605  64.5544  99.1632 0083196 260.8585  98.3097 14.74643658692967
SAUDISAT 1C
1 27607U 02058C   15312.53599041  .00000645  00000-0  11161-3 0  9993
2 27607  64.5536 117.9761 0082526 260.7378  98.4383 14.74909242692577
CUTE-1
1 27844U 03031E   15311.95135070 +.00000217 +00000-0 +11835-3 0  9994
2 27844 098.6957 318.4336 0008747 242.7364 117.2923 14.21868171640827
CUBESAT XI-IV
1 27848U 03031J   15311.95017605 +.00000177 +00000-0 +10105-3 0  9995
2 27848 098.7052 318.4140 0008610 251.3373 177.1159 14.21506057640734
MOZHAYETS 4
1 27939U 03042A   15312.48972042  .00000590  00000-0  11544-3 0  9999
2 27939  97.8585 108.1307 0012083 292.3383  67.6556 14.66206232647338
AMSAT ECHO
1 28375U 04025K   15311.84948350 -.00000045  00000-0  00000+0 0  9997
2 28375  98.3094 248.2528 0081773 255.4674 170.9759 14.41716736597199
HAMSAT
1 28650U 05017B   15311.96371309 +.00001527 +00000-0 +17234-3 0  9998
2 28650 097.5871 298.0416 0022391 276.2660 083.6007 14.87784153568759
CUBESAT XI-V
1 28895U 05043F   15312.17344479  .00000716  00000-0  14830-3 0  9998
2 28895  97.8211 132.4596 0016566 197.3472 162.7167 14.62961951534645
CUTE-1.7+APD II
1 32785U 08021C   15312.53355074  .00001212  00000-0  14040-3 0  9998
2 32785  97.6323 350.6680 0012195 314.6516 196.9764 14.87174405407687
COMPASS 1
1 32787U 08021E   15311.89103144 +.00002469 +00000-0 +25328-3 0  9993
2 32787 097.6349 355.0615 0011567 298.9092 061.0966 14.91273924407877
DELFI C3
1 32789U 08021G   15311.88516657 +.00006706 +00000-0 +52646-3 0  9992
2 32789 097.6392 009.9362 0008803 281.0354 133.6628 15.01211175408520
SEEDS
1 32791U 08021J   15312.37147552  .00001569  00000-0  17142-3 0  9998
2 32791  97.6343 352.9284 0012472 305.6096  54.3959 14.89201237407771
YUBELEINY
1 32953U 08025A   15312.30515869  .00000010  00000-0 -13620-7 0  9997
2 32953  82.5036 244.6061 0019408 122.8562 237.4389 12.43064829338514
PRISM (HITOMI)
1 33493U 09002B   15312.52896138  .00003364  00000-0  32111-3 0  9994
2 33493  98.2373 156.9639 0015261 213.0219 147.0077 14.93969345368127
STARS (KUKAI)
1 33498U 09002G   15312.42213876  .00001359  00000-0  19670-3 0  9997
2 33498  98.2598  97.9579 0012285  72.1378 353.7250 14.77792107365219
KKS-1 (KISEKI)
1 33499U 09002H   15312.57483887  .00000782  00000-0  12486-3 0  9992
2 33499  98.2575  92.5003 0010521  84.4949 338.6803 14.74727525364897
SWISSCUBE
1 35932U 09051B   15311.84823888  .00000749  00000-0  18259-3 0  9995
2 35932  98.4244  71.6681 0006659 254.3040 105.7423 14.55585111324869
BEESAT
1 35933U 09051C   15311.89056376 +.00000624 +00000-0 +15325-3 0  9994
2 35933 098.4261 072.6935 0004742 270.0490 090.0164 14.55754682324888
UWE-2
1 35934U 09051D   15311.87860001  .00000539  00000-0  13505-3 0  9994
2 35934  98.4189  71.0684 0005381 272.6544  87.4037 14.55333746324939
ITUPSAT 1
1 35935U 09051E   15311.90294130 +.00000550 +00000-0 +13867-3 0  9997
2 35935 098.4368 072.9515 0007109 259.3963 100.6433 14.54981322324799
XIWANG-1 (HOPE-1)
1 36122U 09072B   15312.50223845 -.00000059  00000-0 -43517-4 0  9993
2 36122 100.1761 352.0462 0007908 144.4772 215.6872 13.16330394283442
JUGNU
1 37839U 11058B   15311.71138627  .00000411  00000-0  77311-4 0  9990
2 37839  19.9620  52.4024 0018832 187.9161 323.1177 14.12500215210537
SRMSAT
1 37841U 11058D   15311.71176336 +.00000374 +00000-0 +60724-4 0  9990
2 37841 019.9717 082.0290 0011910 108.1351 022.4027 14.10506853210149
AUBIESAT-1
1 37854U 11061E   15311.75710364  .00013283  00000-0  76660-3 0  9995
2 37854 101.6889 237.6471 0181532   9.0933 351.3490 14.99682132218726
M-CUBED/EXP-1 PRIME
1 37855U 11061F   15311.74726195  .00013233  00000-0  74472-3 0  9998
2 37855 101.6984 235.8673 0196488  12.3095 348.2813 14.98533911218643
