10684
10893
11054
11141
11690
11783
14189
15039
15271
16129
17066
19163
19165
19503
19749
19750
19802
20061
20169
20185
20302
20361
20452
20508
20533
20577
20619
20620
20621
20724
20830
20959
21006
21007
21008
21089
21152
21216
21217
21218
21230
21552
21796
21853
21854
21855
21875
21890
21902
21930
21937
22014
22056
22057
22058
22108
22207
22231
22275
22307
22446
22487
22512
22513
22514
22581
22590
22657
22700
22779
22877
22888
23027
23043
23044
23045
23092
23179
23203
23204
23205
23396
23397
23398
23463
23511
23512
23513
23526
23603
23620
23621
23622
23734
23735
23736
23773
23833
23953
24304
24320
24677
24772
24876
25030
25593
25594
25595
25933
26360
26407
26599
26605
26643
26690
27617
27618
27619
27663
27704
27813
28129
28190
28361
28474
28874
29486
29601
30323
31115
32260
32384
32711
34661
34779
35752
36287
36585
36590
36828
37210
37256
37763
37948
38091
38250
38251
38774
38775
19548
21639
22314
25949
26038
26388
26495
26554
26608
26639
27389
27566
37384
37753
38953
39070