OPS 5111 (NAVSTAR 1)
1 10684U 78020A   15312.54470547  .00000085  00000-0  00000+0 0  9996
2 10684  62.7604 170.4691 0077730 193.2892 121.0742  1.98070909259682
OPS 5112 (NAVSTAR 2)
1 10893U 78047A   15311.59674709 -.00000080 +00000-0 +00000-0 0  9994
2 10893 064.0820 036.2583 0437860 049.1505 245.5141 02.01626844275607
OPS 5113 (NAVSTAR 3)
1 11054U 78093A   15311.59931013 -.00000068  00000-0  00000+0 0  9994
2 11054  63.5859  53.4743 0082107 229.1685 217.9545  1.93503246265690
OPS 5114 (NAVSTAR 4)
1 11141U 78112A   15312.41110525  .00000059  00000-0  00000+0 0  9991
2 11141  62.5288 184.2947 0102904  26.9971 287.4737  1.92895256154506
OPS 5117 (NAVSTAR 5)
1 11690U 80011A   15311.81064400 +.00000080 +00000-0 +00000-0 0  9999
2 11690 063.1908 168.8276 0431797 190.9466 135.5104 02.00572019276011
OPS 5118 (NAVSTAR 6)
1 11783U 80032A   15311.58577071 -.00000076  00000-0  00000+0 0  9997
2 11783  63.5618  18.1396 0487431  60.5895  46.0567  2.03455474262911
OPS 9794 (NAVSTAR 8)
1 14189U 83072A   15311.53152206  .00000053  00000-0  00000+0 0  9995
2 14189  62.1340 181.0979 0147724  34.3346 276.5387  1.91719200152516
NAVSTAR 9 (USA 1)
1 15039U 84059A   15312.20023082  .00000070  00000-0  00000+0 0  9999
2 15039  62.1641 177.1836 0171971  28.5816 253.0578  1.92303974223633
NAVSTAR 10 (USA 5)
1 15271U 84097A   15312.30148602 -.00000075  00000-0  00000+0 0  9992
2 15271  63.1857  45.3476 0120696 224.1470 207.1168  1.92618560221694
NAVSTAR 11 (USA 10)
1 16129U 85093A   15312.21260466  .00000040  00000-0  00000+0 0  9996
2 16129  62.6798 191.7040 0212713  42.3697 238.4807  1.89368778156043
COSMOS 1791
1 17066U 86086A   15312.40346321  .00000032  00000-0  18179-4 0  9998
2 17066  82.9478 253.2157 0039482 262.3969 215.6451 13.75717189455522
COSMOS 1946 (GLONASS)
1 19163U 88043A   15312.19648421  .00000007  00000-0  00000+0 0  9996
2 19163  64.2052 206.2329 0004979 141.0184 309.2924  2.13102289213174
COSMOS 1948 (GLONASS)
1 19165U 88043C   15312.36296127  .00000010  00000-0  00000+0 0  9993
2 19165  64.1871 206.0318 0003623 317.8614 214.9065  2.13103627213799
COSMOS 1972 (GLONASS)
1 19503U 88085C   15311.59656078 +.00000007 +00000-0 +00000-0 0  9991
2 19503 064.9585 085.7548 0002358 214.9647 081.5759 02.13102330211144
COSMOS 1987 (GLONASS)
1 19749U 89001A   15312.43759120  .00000012  00000-0  00000+0 0  9993
2 19749  64.1406 205.2121 0004742 244.3908 291.3154  2.13103783208792
COSMOS 1988 (GLONASS)
1 19750U 89001B   15311.67069001 +.00000001 +00000-0 +00000-0 0  9991
2 19750 064.1615 205.4852 0012737 211.7163 041.9931 02.13102417208710
NAVSTAR 13 (USA 35)
1 19802U 89013A   15312.15134727 -.00000039  00000-0  00000+0 0  9995
2 19802  54.3270 225.6952 0039295 150.2667 333.4283  1.85322072187348
NAVSTAR 14 (USA 38)
1 20061U 89044A   15312.12906093 -.00000092  00000-0  00000+0 0  9997
2 20061  55.4498  18.1316 0021943 126.6960 227.2338  1.88856275188638
HIPPARCOS
1 20169U 89062B   15312.05820386 -.00000007  00000-0  46674-3 0  9995
2 20169   7.2127  18.6388 7191447 270.8667  15.0042  2.26122740181639
NAVSTAR 15 (USA 42)
1 20185U 89064A   15312.14473752 -.00000034  00000-0  00000+0 0  9995
2 20185  54.1199 222.2676 0013122 267.8118 160.2555  1.86085434184103
NAVSTAR 16 (USA 47)
1 20302U 89085A   15312.20909006 -.00000050  00000-0  00000+0 0  9990
2 20302  55.6060 321.5367 0006581  14.3085  70.6722  1.89424656185147
NAVSTAR 17 (USA 49)
1 20361U 89097A   15312.42040441  .00000085  00000-0  00000+0 0  9998
2 20361  53.9857 148.1399 0020387 257.4144  90.3795  1.89174711176065
NAVSTAR 18 (USA 50)
1 20452U 90008A   15312.50827428 -.00000058  00000-0  00000+0 0  9991
2 20452  55.3242 269.5940 0013854 235.8641 190.7385  1.89597348182807
NADEZHDA 2
1 20508U 90017A   15312.39601834  .00000044  00000-0  30286-4 0  9999
2 20508  82.9581  55.0757 0045521  77.8447 348.1187 13.74213522288508
NAVSTAR 19 (USA 54)
1 20533U 90025A   15312.43725182 -.00000091  00000-0  00000+0 0  9993
2 20533  55.4560  26.9880 0040181 145.7738 308.9176  1.91038307181086
COSMOS 2074
1 20577U 90036A   15311.97049051 +.00000067 +00000-0 +54794-4 0  9991
2 20577 082.9416 094.4082 0026425 207.1131 274.1659 13.74585877281442
COSMOS 2079 (GLONASS)
1 20619U 90045A   15311.64004362 -.00000005  00000-0  00000+0 0  9997
2 20619  64.6097  81.3672 0040672 207.6076 203.4878  2.13103133198238
COSMOS 2080 (GLONASS)
1 20620U 90045B   15311.69803640 -.00000005 +00000-0 +00000-0 0  9991
2 20620 064.6062 081.3265 0018490 038.7785 328.0147 02.13103194198042
COSMOS 2081 (GLONASS)
1 20621U 90045C   15311.35120442 -.00000003 +00000-0 +00000-0 0  9995
2 20621 064.6214 081.5489 0029881 220.3728 212.7459 02.13104739198113
NAVSTAR 20 (USA 63)
1 20724U 90068A   15312.14378341 -.00000014  00000-0  00000+0 0  9996
2 20724  53.6273 210.6413 0043156 271.0086 348.2103  1.87182830177401
NAVSTAR 21 (USA 64)
1 20830U 90088A   15312.36062005  .00000086  00000-0  00000+0 0  9995
2 20830  54.0410 144.5110 0018473 212.0281 172.7379  1.87754576180133
NAVSTAR 22 (USA 66)
1 20959U 90103A   15311.92312338  .00000027  00000-0  00000+0 0  9998
2 20959  54.2488 188.4228 0113285   8.3883 351.8894  2.00564909182724
COSMOS 2109 (GLONASS)
1 21006U 90110A   15311.48997273 +.00000000 +00000-0 +00000-0 0  9990
2 21006 064.1043 204.2820 0081443 187.1345 246.5107 02.13102653193917
COSMOS 2110 (GLONASS)
1 21007U 90110B   15311.46484755 -.00000001  00000-0  00000+0 0  9996
2 21007  64.1284 204.5856 0043406 183.9906  67.4558  2.13101130193910
COSMOS 2111 (GLONASS)
1 21008U 90110C   15311.94230547 +.00000007 +00000-0 +00000-0 0  9994
2 21008 064.1059 204.3245 0013215 237.8468 042.9478 02.13099152193838
COSMOS 2123
1 21089U 91007A   15312.16735909  .00000039  00000-0  25807-4 0  9997
2 21089  82.9222 333.5603 0028004 305.2120 118.6614 13.74624400241967
NADEZHDA 3
1 21152U 91019A   15312.91267821  .00000058  00000-0  44548-4 0  9991
2 21152  82.9244 295.9858 0043049  66.3347 320.8466 13.74191938236430
COSMOS 2139 (GLONASS)
1 21216U 91025A   15312.36617706 -.00000014  00000-0  00000+0 0  9992
2 21216  64.3925  78.6322 0014557 216.0345 221.0760  2.13104125191462
COSMOS 2140 (GLONASS)
1 21217U 91025B   15311.42581679 -.00000011  00000-0  00000+0 0  9995
2 21217  64.3846  78.5908 0022076 224.9938 115.6161  2.13101389191423
COSMOS 2141 (GLONASS)
1 21218U 91025C   15311.55629225 -.00000012 +00000-0 +00000-0 0  9992
2 21218 064.3802 078.5123 0003585 247.3325 153.6628 02.13103497191408
COSMOS 2142
1 21230U 91029A   15312.27245316  .00000033  00000-0  18757-4 0  9999
2 21230  82.9585 214.4321 0037731 183.0349 291.7949 13.73080750230935
NAVSTAR 23 (USA 71)
1 21552U 91047A   15311.68364255 +.00000079 +00000-0 +00000-0 0  9992
2 21552 054.4619 132.4686 0028832 069.5071 289.9874 01.91858170177043
COSMOS 2173
1 21796U 91081A   15312.54801586  .00000077  00000-0  63740-4 0  9991
2 21796  82.9546 157.7460 0049452   2.9791  53.4473 13.75436166202151
COSMOS 2177 (GLONASS)
1 21853U 92005A   15312.37085067  .00000015  00000-0  00000+0 0  9998
2 21853  64.0399 203.3879 0009594 187.4194 259.0712  2.13101932185063
COSMOS 2178 (GLONASS)
1 21854U 92005B   15311.39233954 +.00000001 +00000-0 +00000-0 0  9996
2 21854 064.0459 203.4535 0027383 015.3471 272.0897 02.13106360184950
COSMOS 2179 (GLONASS)
1 21855U 92005C   15311.42924852  .00000001  00000-0  00000+0 0  9994
2 21855  64.0451 203.4622 0007528 208.6600 327.4736  2.13103198185011
COSMOS 2180
1 21875U 92008A   15312.24029196  .00000031  00000-0  17424-4 0  9993
2 21875  82.9295 211.6997 0036805 313.6661 162.3589 13.73696610189164
NAVSTAR 24 (USA 79)
1 21890U 92009A   15312.48463779 -.00000048  00000-0  00000+0 0  9992
2 21890  55.4959 307.4394 0035255 341.0383 107.4983  1.91830711171924
COSMOS 2181
1 21902U 92012A   15312.46941639  .00000033  00000-0  19933-4 0  9997
2 21902  82.9412 284.6748 0029469  40.9667  75.7060 13.72348013185295
NAVSTAR 25 (USA 80)
1 21930U 92019A   15312.23134550 -.00000027  00000-0  00000+0 0  9990
2 21930  54.9032  79.1923 0030957 270.1313 195.9178  1.87659745168739
COSMOS 2184
1 21937U 92020A   15312.54087948  .00000046  00000-0  33274-4 0  9995
2 21937  82.9305 100.0777 0034494 122.5872 305.7112 13.73117449180945
NAVSTAR 26 (USA 83)
1 22014U 92039A   15312.00719716 -.00000060  00000-0  00000+0 0  9991
2 22014  55.5838 251.2416 0005150 240.5103 119.4248  1.87911327164281
COSMOS 2206 (GLONASS)
1 22056U 92047A   15311.79965988 -.00000016 +00000-0 +00000-0 0  9997
2 22056 064.2432 077.1860 0009128 250.2493 006.4789 02.13106139181057
COSMOS 2204 (GLONASS)
1 22057U 92047B   15311.89896459 -.00000016 +00000-0 +00000-0 0  9995
2 22057 064.2531 077.3193 0005360 352.4520 069.5087 02.13103360180973
COSMOS 2205 (GLONASS)
1 22058U 92047C   15311.35105394 -.00000014 +00000-0 +00000-0 0  9996
2 22058 064.2486 077.2968 0011033 237.1241 183.2146 02.13103057180967
NAVSTAR 27 (USA 84)
1 22108U 92058A   15312.51024385 -.00000045  00000-0  00000+0 0  9996
2 22108  55.8228 302.5318 0231777 333.4259 149.7984  2.00564902169649
COSMOS 2218
1 22207U 92073A   15311.93398897 +.00000053 +00000-0 +41076-4 0  9991
2 22207 082.9183 124.0148 0031943 327.2546 140.3903 13.72840835153331
NAVSTAR 28 (USA 85)
1 22231U 92079A   15312.53620887 -.00000052  00000-0  00000+0 0  9995
2 22231  55.4859 250.2474 0085070 288.6300 299.0238  2.00565005168224
NAVSTAR 29 (USA 87)
1 22275U 92089A   15312.55381750 -.00000058  00000-0  00000+0 0  9995
2 22275  55.3306 261.8274 0044080  20.6602 191.3897  1.88248378164046
COSMOS 2230
1 22307U 93001A   15312.42120929  .00000067  00000-0  55371-4 0  9996
2 22307  82.9398 272.1128 0025361 143.4287 332.5924 13.73507064135568
NAVSTAR 30 (USA 88)
1 22446U 93007A   15312.47135632 -.00000090  00000-0  00000+0 0  9999
2 22446  55.4062  20.3208 0023234 319.6516 352.7916  1.88092035161188
COSMOS 2233
1 22487U 93008A   15312.56673522  .00000066  00000-0  52216-4 0  9993
2 22487  82.9451 175.3557 0038927 136.0453 286.6316 13.75731568137670
COSMOS 2234 (GLONASS)
1 22512U 93010A   15311.67766744 +.00000005 +00000-0 +00000-0 0  9998
2 22512 064.0581 203.4341 0020158 202.2891 088.5280 02.13103708176566
COSMOS 2236 (GLONASS)
1 22513U 93010B   15312.27887916  .00000014  00000-0  00000+0 0  9990
2 22513  64.0504 203.3510 0003315 123.9740 339.3391  2.13105672176817
COSMOS 2235 (GLONASS)
1 22514U 93010C   15311.94215500 +.00000008 +00000-0 +00000-0 0  9992
2 22514 064.0746 203.5699 0011311 183.2313 105.3978 02.13102054176729
NAVSTAR 31 (USA 90)
1 22581U 93017A   15312.36130926 -.00000035  00000-0  00000+0 0  9998
2 22581  54.3669  76.2074 0001769  10.9973 322.6283  1.88946805161475
COSMOS 2239
1 22590U 93020A   15311.97463703 +.00000065 +00000-0 +51692-4 0  9990
2 22590 082.9286 137.4377 0022063 308.4660 159.7059 13.75353511134207
NAVSTAR 32 (USA 91)
1 22657U 93032A   15312.57725196 -.00000066  00000-0  00000+0 0  9995
2 22657  54.6310  58.1042 0081123 339.0589   9.6167  2.00574200161013
NAVSTAR 33 (USA 92)
1 22700U 93042A   15312.27241932 -.00000046  00000-0  00000+0 0  9991
2 22700  55.9786 304.5632 0010200 301.2178 172.6163  1.89430885163777
NAVSTAR 34 (USA 94)
1 22779U 93054A   15312.18896137 -.00000072  00000-0  00000+0 0  9992
2 22779  55.4766 357.9849 0101170 103.0398 287.8367  2.00460856162563
NAVSTAR 35 (USA 96)
1 22877U 93068A   15312.36956079  .00000063  00000-0  00000+0 0  9997
2 22877  53.9128 122.7007 0118188  63.4804 315.8431  2.00567171161458
COSMOS 2266
1 22888U 93070A   15311.85228943  .00000048  00000-0  34354-4 0  9994
2 22888  82.9518  67.8950 0047961 195.6003 278.3900 13.74876459101846
NAVSTAR 36 (USA 100)
1 23027U 94016A   15312.25407404 -.00000065  00000-0  00000+0 0  9993
2 23027  54.4754  59.1959 0101688   7.7790  27.8999  2.00566610158742
COSMOS 2276 (GLONASS)
1 23043U 94021A   15311.75485953 -.00000017  00000-0  00000+0 0  9993
2 23043  64.1335  76.4865 0012955 174.8778 299.1559  2.13099661167939
COSMOS 2277 (GLONASS)
1 23044U 94021B   15311.97974006 -.00000018  00000-0  00000+0 0  9991
2 23044  64.1264  76.3912 0048249 210.5205 199.7210  2.13104072167944
COSMOS 2275 (GLONASS)
1 23045U 94021C   15311.69319001 -.00000018 +00000-0 +00000-0 0  9990
2 23045 064.1177 076.3308 0024227 035.1414 007.1865 02.13102216167665
COSMOS 2279
1 23092U 94024A   15312.30285942  .00000045  00000-0  31098-4 0  9994
2 23092  82.9517 208.8189 0033946 287.0704  72.6735 13.76321010 81349
NADEZHDA 4
1 23179U 94041A   15312.31289043  .00000040  00000-0  25139-4 0  9990
2 23179  82.9495  22.9681 0036476 125.7632 300.8206 13.76507712 70950
COSMOS 2287 (GLONASS)
1 23203U 94050A   15311.80171291 -.00000013 +00000-0 +00000-0 0  9993
2 23203 066.5143 329.0280 0007602 060.7946 233.5853 02.13100946165285
COSMOS 2289 (GLONASS)
1 23204U 94050B   15312.28672966 -.00000012  00000-0  00000+0 0  9990
2 23204  66.5015 328.9272 0010021 322.4314 203.2248  2.13101914165333
COSMOS 2288 (GLONASS)
1 23205U 94050C   15311.61266015 -.00000013  00000-0  00000+0 0  9992
2 23205  66.5084 328.9955 0001925 294.9651 160.4768  2.13102950165329
COSMOS 2295 (GLONASS)
1 23396U 94076A   15311.67751697 +.00000006 +00000-0 +00000-0 0  9994
2 23396 063.9844 202.8425 0038740 187.3131 102.6022 02.13103243162931
COSMOS 2296 (GLONASS)
1 23397U 94076B   15312.18521600  .00000014  00000-0  00000+0 0  9999
2 23397  63.9718 202.7340 0008824 276.5929 210.0998  2.13100310163178
COSMOS 2294 (GLONASS)
1 23398U 94076C   15311.73748897 +.00000007 +00000-0 +00000-0 0  9992
2 23398 063.9616 202.6360 0003271 010.4562 248.1662 02.13102196163114
TSIKADA
1 23463U 95002A   15312.56953429  .00000047  00000-0  34710-4 0  9999
2 23463  82.9287 359.7231 0040336  96.7995  56.4525 13.72443557 41358
COSMOS 2307 (GLONASS)
1 23511U 95009A   15312.47759348 -.00000019  00000-0  00000+0 0  9994
2 23511  64.1416  76.8367 0006432 134.1061 131.0793  2.13105215160915
COSMOS 2308 (GLONASS)
1 23512U 95009B   15311.55658067 -.00000016  00000-0  00000+0 0  9996
2 23512  64.1320  76.8002 0005331 300.6277 105.5118  2.13099593160897
COSMOS 2309 (GLONASS)
1 23513U 95009C   15311.73250133 -.00000016  00000-0  00000+0 0  9999
2 23513  64.1330  76.9495 0030439 214.8239  47.0036  2.13052382160857
COSMOS 2310
1 23526U 95012A   15312.53268926  .00000098  00000-0  91438-4 0  9994
2 23526  82.9425 122.5380 0020800 244.3241 174.3491 13.71818064 33027
COSMOS 2315
1 23603U 95032A   15312.35280970  .00000036  00000-0  22547-4 0  9992
2 23603  82.9052 246.6209 0030902 173.2487 301.4343 13.72807265 19387
COSMOS 2316 (GLONASS)
1 23620U 95037A   15311.93619096 -.00000013 +00000-0 +00000-0 0  9996
2 23620 066.5706 329.3644 0013463 159.9291 139.6877 02.13101787157878
COSMOS 2317 (GLONASS)
1 23621U 95037B   15311.47568020 -.00000013  00000-0  00000+0 0  9995
2 23621  66.5821 329.4763 0009926 175.6708 354.4270  2.13101537157920
COSMOS 2318 (GLONASS)
1 23622U 95037C   15311.48515523 -.00000013  00000-0  00000+0 0  9997
2 23622  66.5728 329.3980 0022360 112.4815  19.0435  2.13101375157929
COSMOS 2325 (GLONASS)
1 23734U 95068A   15312.46024644 -.00000012  00000-0  00000+0 0  9992
2 23734  66.5741 329.3012 0019969 259.7041 177.5439  2.13102132154913
COSMOS 2324 (GLONASS)
1 23735U 95068B   15311.74956509 -.00000013 +00000-0 +00000-0 0  9999
2 23735 066.5708 329.2798 0007735 226.0921 296.3189 02.13102228154894
COSMOS 2323 (GLONASS)
1 23736U 95068C   15311.41234692 -.00000013  00000-0  00000+0 0  9995
2 23736  66.5614 329.2312 0007304 203.0638 328.2990  2.13101882154884
COSMOS 2327
1 23773U 96004A   15311.96598797 +.00000055 +00000-0 +42690-4 0  9997
2 23773 082.9819 096.1273 0046585 268.6492 208.9150 13.74439681993398
NAVSTAR 37 (USA 117)
1 23833U 96019A   15312.31309949 -.00000073  00000-0  00000+0 0  9994
2 23833  54.1184  55.3320 0007819 275.4646  78.3142  1.94618675143506
NAVSTAR 38 (USA 126)
1 23953U 96041A   15312.47236734  .00000042  00000-0  00000+0 0  9995
2 23953  53.9249 184.1121 0152995  55.0522 229.4302  2.00557594141537
COSMOS 2334
1 24304U 96052A   15312.41210220  .00000032  00000-0  18674-4 0  9994
2 24304  82.9356  66.9848 0028729 239.7437 182.1682 13.73511045961062
NAVSTAR 39 (USA 128)
1 24320U 96056A   15312.42923416 -.00000085  00000-0  00000+0 0  9993
2 24320  55.9690  10.1152 0025642 138.5300   0.2631  1.86498319138245
COSMOS 2336
1 24677U 96071A   15312.15125468  .00000041  00000-0  28883-4 0  9991
2 24677  82.9423 180.2112 0022798 220.5424 250.1303 13.71487849945248
COSMOS 2341
1 24772U 97017A   15312.56703874  .00000046  00000-0  34521-4 0  9997
2 24772  82.9198 105.3543 0025267 195.2172 237.1410 13.71369594929074
NAVSTAR 43 (USA 132)
1 24876U 97035A   15312.53831727 -.00000052  00000-0  00000+0 0  9996
2 24876  55.7426 250.2381 0044376 118.1504 100.7866  2.00562241134067
NAVSTAR 44 (USA 135)
1 25030U 97067A   15312.28935691 -.00000041  00000-0  00000+0 0  9999
2 25030  56.8601 311.6077 0153207 212.1124 323.5397  2.00558939131956
COSMOS 2364 (GLONASS)
1 25593U 98077A   15311.34091752 +.00000012 +00000-0 +00000-0 0  9990
2 25593 063.2535 197.4078 0018943 037.2590 091.9959 02.13103231131088
COSMOS 2363 (GLONASS)
1 25594U 98077B   15312.42061848  .00000027  00000-0  00000+0 0  9999
2 25594  63.2470 197.3270 0016704  31.0917 264.9819  2.13103730131180
COSMOS 2362 (GLONASS)
1 25595U 98077C   15311.15768880 +.00000009 +00000-0 +00000-0 0  9990
2 25595 063.2602 197.4432 0003833 112.0862 342.4761 02.13104008131106
NAVSTAR 46 (USA 145)
1 25933U 99055A   15312.35568921  .00000021  00000-0  00000+0 0  9993
2 25933  51.2627 103.4200 0160887  84.5076 284.5066  2.00567102117875
NAVSTAR 47 (USA 150)
1 26360U 00025A   15312.54418263  .00000049  00000-0  00000+0 0  9991
2 26360  53.0674 179.3562 0047900  71.6437 178.5704  2.00564383113575
NAVSTAR 48 (USA 151)
1 26407U 00040A   15312.54612774 -.00000075  00000-0  00000+0 0  9993
2 26407  56.6885   8.0083 0201466 265.5575 263.6767  2.00561193112246
BEIDOU 1
1 26599U 00069A   15311.58256189 -.00000251  00000-0  00000+0 0  9999
2 26599   6.1138  57.5449 0007652 281.7759  80.3590  0.98912031 54901
NAVSTAR 49 (USA 154)
1 26605U 00071A   15312.50948223 -.00000052  00000-0  00000+0 0  9999
2 26605  55.3120 248.1927 0086170 248.9054 189.1033  2.00562761109840
BEIDOU 1B
1 26643U 00082A   15311.57472419 -.00000180 +00000-0 +00000-0 0  9991
2 26643 007.0351 053.0099 0079382 354.3158 020.3876 00.99255660013623
NAVSTAR 50 (USA 156)
1 26690U 01004A   15312.43204012  .00000042  00000-0  00000+0 0  9991
2 26690  52.9972 182.3460 0165670 249.6937 224.8487  2.00566700108244
COSMOS 2394 (GLONASS)
1 27617U 02060A   15311.96567013 +.00000006 +00000-0 +00000-0 0  9995
2 27617 065.0927 085.8667 0001278 087.8511 325.1685 02.13102101100161
COSMOS 2396 (GLONASS)
1 27618U 02060B   15311.89812073 +.00000006 +00000-0 +00000-0 0  9997
2 27618 065.0954 085.8502 0012449 146.3966 289.5895 02.13100580100151
COSMOS 2395 (GLONASS)
1 27619U 02060C   15311.89843258 +.00000006 +00000-0 +00000-0 0  9997
2 27619 065.1041 085.9455 0007111 266.4931 146.8426 02.13104185100176
NAVSTAR 51 (USA 166)
1 27663U 03005A   15312.15182789 -.00000078  00000-0  00000+0 0  9990
2 27663  56.7655   7.7268 0080813  16.4326 352.1971  2.00566796 93609
NAVSTAR 52 (USA 168)
1 27704U 03010A   15312.22993582  .00000062  00000-0  00000+0 0  9993
2 27704  53.5707 122.6129 0228634 253.2956 132.2692  2.00556874 92406
BEIDOU 1C
1 27813U 03021A   15311.09486385 -.00000074  00000-0  00000+0 0  9992
2 27813   4.1158  66.7199 0014565 140.9838 235.5950  0.99779997 45604
NAVSTAR 53 (USA 175)
1 28129U 03058A   15312.20714505  .00000039  00000-0  00000+0 0  9995
2 28129  52.8731 182.4051 0081814 243.4790  34.1857  2.00563026 87100
NAVSTAR 54 (USA 177)
1 28190U 04009A   15312.43607836 -.00000046  00000-0  00000+0 0  9992
2 28190  55.6542  69.2159 0111949  36.9054  32.1917  2.00389994 85283
NAVSTAR 55 (USA 178)
1 28361U 04023A   15312.42061848 -.00000051  00000-0  00000+0 0  9990
2 28361  54.2757 243.9086 0105069 210.8732  57.5463  2.00551307 83361
NAVSTAR 56 (USA 180)
1 28474U 04045A   15312.27180801  .00000062  00000-0  00000+0 0  9994
2 28474  53.9646 121.8419 0151173 233.4528 288.3712  2.00564811 80726
NAVSTAR 57 (USA 183)
1 28874U 05038A   15312.50853389 -.00000051  00000-0  00000+0 0  9994
2 28874  55.8222  66.3957 0108362 246.0444 191.5462  2.00573421 74132
NAVSTAR 58 (USA 190)
1 29486U 06042A   15312.56937796 -.00000045  00000-0  00000+0 0  9994
2 29486  55.7780 305.7051 0083651 329.7765  75.0294  2.00569097 66856
NAVSTAR 59 (USA 192)
1 29601U 06052A   15312.46657280 -.00000075  00000-0  00000+0 0  9993
2 29601  56.7353   6.6415 0053823  34.7820 336.0690  2.00575244 65766
BEIDOU 1D
1 30323U 07003A   15310.97899278  .00000089  00000-0  00000+0 0  9996
2 30323   1.1168  94.3115 0064228 166.3130 194.1868  0.99150262 32270
BEIDOU M1
1 31115U 07011A   15306.59589845 -.00000084  00000-0  00000+0 0  9990
2 31115  53.4690 346.8787 0003325 256.5428 103.4681  1.77348066 57599
NAVSTAR 60 (USA 196)
1 32260U 07047A   15312.51448713 -.00000049  00000-0  00000+0 0  9999
2 32260  53.4059 240.7694 0076175  22.9995 153.6911  2.00554690 59152
NAVSTAR 61 (USA 199)
1 32384U 07062A   15311.61813706 -.00000049 +00000-0 +00000-0 0  9992
2 32384 055.8732 066.9762 0009955 317.7601 064.5958 02.00564658057848
NAVSTAR 62 (USA 201)
1 32711U 08012A   15312.39476949 -.00000045  00000-0  00000+0 0  9997
2 32711  55.4997 305.2270 0091239 207.4715 305.7636  2.00561926 56073
NAVSTAR 63 (USA 203)
1 34661U 09014A   15312.53857075 -.00000074  00000-0  00000+0 0  9997
2 34661  56.3427   5.0448 0075461  49.3697 273.6066  2.00555598 48596
BEIDOU G2
1 34779U 09018A   15311.79124098  .00000139  00000-0  00000+0 0  9991
2 34779   4.2835  62.7732 0092187 188.9927 104.8186  1.00316220 24236
NAVSTAR 64 (USA 206)
1 35752U 09043A   15312.53921414  .00000045  00000-0  00000+0 0  9997
2 35752  54.2231 183.3001 0044168  23.6914 263.9935  2.00563172 45647
BEIDOU G1
1 36287U 10001A   15312.39434456 -.00000286  00000-0  10000-3 0  9999
2 36287   1.5565   4.1037 0005988 222.1713 102.9598  1.00268633 21324
NAVSTAR 65 (USA 213)
1 36585U 10022A   15311.69270723 -.00000079 +00000-0 +00000-0 0  9996
2 36585 056.0697 003.8909 0045322 039.0427 101.0824 02.00572236039883
BEIDOU G3
1 36590U 10024A   15311.80884435 -.00000359 +00000-0 +00000-0 0  9999
2 36590 001.3866 024.3201 0004535 276.3978 147.7141 01.00269040019939
BEIDOU IGSO 1
1 36828U 10036A   15312.37600321 -.00000133  00000-0  10000-3 0  9993
2 36828  54.2711 199.3161 0041839 215.1545 243.8255  1.00303618 19378
BEIDOU G4
1 37210U 10057A   15311.69113738 -.00000116  00000-0  00000+0 0  9993
2 37210   0.7690  40.1307 0008845 176.2289 238.9871  1.00272881 18435
BEIDOU IGSO 2
1 37256U 10068A   15312.31203597 -.00000205  00000-0  10000-3 0  9992
2 37256  53.8348 318.0777 0040459 209.6577 109.1469  1.00252847 17958
BEIDOU IGSO 3
1 37384U 11013A   15311.93226450 -.00000158 +00000-0 +10000-3 0  9992
2 37384 057.1109 079.1089 0025210 194.4370 229.8120 01.00273661016830
NAVSTAR 66 (USA 232)
1 37753U 11036A   15312.37223123  .00000068  00000-0  00000+0 0  9994
2 37753  55.1856 124.1959 0047133  25.9414 330.6041  2.00565395 31579
BEIDOU IGSO 4
1 37763U 11038A   15311.93321551 -.00000086 +00000-0 +10000-3 0  9998
2 37763 054.5844 201.5878 0034936 202.9357 073.4717 01.00284019015798
BEIDOU IGSO 5
1 37948U 11073A   15312.56893233 -.00000146  00000-0  10000-3 0  9990
2 37948  53.9304 317.5237 0037972 206.6176 183.2270  1.00265075 14566
BEIDOU G5
1 38091U 12008A   15311.59436330 +.00000052 +00000-0 +00000-0 0  9993
2 38091 001.3198 038.8802 0003264 191.6253 088.6251 01.00269835013622
BEIDOU M3
1 38250U 12018A   15312.48016390 -.00000039  00000-0  10000-3 0  9990
2 38250  55.8520  73.8690 0024186 206.1462  73.0682  1.86233173 24141
BEIDOU M4
1 38251U 12018B   15311.59343388 -.00000039  00000-0  10000-3 0  9992
2 38251  55.7881  73.3640 0026947 200.3447 251.2230  1.86234007 24132
BEIDOU M5
1 38774U 12050A   15311.74294705  .00000017  00000-0  00000+0 0  9993
2 38774  54.7367 193.5076 0033412 175.0278 185.0897  1.86251513 21527
BEIDOU M6
1 38775U 12050B   15311.60984878 +.00000016 +00000-0 +00000-0 0  9996
2 38775 054.8423 193.1310 0018495 221.0946 076.1502 01.86233064021509
NAVSTAR 67 (USA 239)
1 38833U 12053A   15312.36643610 -.00000049  00000-0  00000+0 0  9990
2 38833  54.5337 302.7244 0036179  13.3828 346.7196  2.00566421 22654
BEIDOU G6
1 38953U 12059A   15312.56959416 -.00000138  00000-0  10000-3 0  9999
2 38953   0.4689  71.3316 0004137 162.5630  98.6554  1.00271972 11206
NAVSTAR 68 (USA 242)
1 39166U 13023A   15312.22335391 -.00000057  00000-0  00000+0 0  9996
2 39166  55.5313  63.6144 0026766  11.7949 348.2568  2.00559958 18177
