IUE
1 10637U 78012A   15311.34718429 -.00000264  00000-0  00000+0 0  9996
2 10637  43.7220 344.2112 1515179 200.3343 134.1918  1.00078533 90809
NIMBUS 7
1 11080U 78098A   15312.85820737 -.00000047  00000-0 -14172-5 0  9997
2 11080  99.4052  71.1243 0009756  73.6473  34.9079 13.84263405871022
LANDSAT 4
1 13367U 82072A   15313.24259626  .00003215  00000-0  18052-3 0  9998
2 13367  98.1855  58.1351 0014529  37.9086 352.5082 15.14076192796301
IRAS
1 13777U 83004A   15312.55378561  .00000360  00000-0  27212-3 0  9998
2 13777  98.9662 144.0105 0020252 238.4794 183.9836 14.00347964344412
TDRS 1
1 13969U 83026B   15312.26394890 +.00000020 +00000-0 +00000-0 0  9992
2 13969 013.8824 350.6236 0024496 173.6569 216.8099 00.98742323092119
LANDSAT 5
1 14780U 84021A   15312.84755800  .00001146  00000-0  11440-3 0  9999
2 14780  98.0280  43.5738 0091165 299.7794  59.4379 14.90673188688497
ERBS
1 15354U 84108B   15312.94027631 +.00007799 +00000-0 +21549-3 0  9999
2 15354 057.0084 133.3425 0018228 079.3159 280.9944 15.37898844707546
TDRS 3
1 19548U 88091B   15313.26644595 -.00000296  00000-0  00000+0 0  9994
2 19548  14.7136  14.4148 0038733 299.1957 127.9114  1.00264180 86538
TDRS 4
1 19883U 89021B   15312.89324543 -.00000035 +00000-0 +00000-0 0  9998
2 19883 012.4798 022.4423 0022238 220.1528 168.6824 00.98482183269900
HIPPARCOS
1 20169U 89062B   15313.38451252 -.00000035  00000-0  39355-3 0  9993
2 20169   7.2124  18.1635 7191551 271.8347  14.6694  2.26122964181667
COBE
1 20322U 89089A   15312.95156443 -.00000045 +00000-0 -32802-6 0  9994
2 20322 098.9784 325.1494 0009645 098.5768 281.9313 14.04744869330786
HST
1 20580U 90037B   15313.22291778  .00002083  00000-0  12124-3 0  9991
2 20580  28.4708 277.4336 0002811 359.3774 138.5749 15.07858427201724
TDRS 5
1 21639U 91054B   15312.48570759  .00000091  00000-0  00000+0 0  9996
2 21639  13.8971  27.8440 0018492 319.7524  66.9018  1.00269072 88869
TOPEX/POSEIDON
1 22076U 92052A   15312.90644411 -.00000066 +00000-0 -21365-4 0  9991
2 22076 066.0412 258.8468 0008031 267.5271 154.9773 12.81000736087415
TDRS 6
1 22314U 93003B   15313.47065130 -.00000286  00000-0  00000+0 0  9992
2 22314  13.3789  30.6797 0007365 256.1244 245.1733  1.00273860 83544
TDRS 7
1 23613U 95035B   15313.48178873 -.00000193  00000-0  00000+0 0  9999
2 23613  14.6437  21.5194 0017524  20.7417 264.1313  1.00267154 74315
XTE
1 23757U 95074A   15312.64186921 +.00014964 +00000-0 +17552-3 0  9995
2 23757 022.9859 056.4511 0004061 166.2229 324.8468 15.59079692105242
FAST
1 24285U 96049A   15313.14828996  .00007088  00000-0  59018-3 0  9998
2 24285  82.9585 306.8032 1894459 340.8959  12.9365 11.48701724783504
PEGASUS R/B
1 24286U 96049B   15313.39227092  .00004505  00000-0  36074-3 0  9994
2 24286  82.9518 270.1656 1849196 201.9132 149.1688 11.58678641787769
ORBVIEW 2 (SEASTAR)
1 24883U 97037A   15313.50221731  .00000193  00000-0  85947-4 0  9995
2 24883  98.5114  60.0876 0003173  58.9221 301.2274 14.33247017968007
ISS (ZARYA)
1 25544U 98067A   15313.52659944  .00013582  00000-0  20582-3 0  9996
2 25544  51.6445  78.7085 0006639 120.5971 290.3665 15.54938459970652
SEA LAUNCH DEMO
1 25661U 99014A   15312.69455179 -.00000017 +00000-0 +40717-4 0  9993
2 25661 001.4470 345.6538 7157842 321.0219 004.7365 02.23249843135555
LANDSAT 7
1 25682U 99020A   15313.30467991  .00000208  00000-0  56344-4 0  9991
2 25682  98.2403  21.3932 0001040  53.9846 306.1443 14.57090028881274
ORION 3
1 25727U 99024A   15312.94511079 +.00000093 +00000-0 +45655-3 0  9995
2 25727 019.8296 296.4018 0041423 077.8983 282.5983 10.39144638666033
FUSE 1
1 25791U 99035A   15312.71551466  .00000318  00000-0  40671-4 0  9991
2 25791  24.9854  42.9690 0010386 346.0841 145.8267 14.42627513863883
CXO
1 25867U 99040B   15315.94715139  .00000141  00000-0  00000+0 0  9999
2 25867  76.5588 303.3280 7350123 265.9234 359.9170  0.37803661 13844
TELSTAR 12 (ORION 2)
1 25949U 99059A   15309.30821270 -.00000131  00000-0  00000+0 0  9997
2 25949   0.0186  91.6978 0002043 133.1231 275.3852  1.00270685 58654
TERRA
1 25994U 99068A   15313.45416709  .00000393  00000-0  97321-4 0  9991
2 25994  98.2129  25.9157 0001324  93.0678 267.0675 14.57109316845371
GALAXY 11
1 26038U 99071A   15312.24816012 -.00000288  00000-0  00000+0 0  9999
2 26038   0.0305 273.1899 0000574   7.8387 159.8654  1.00276489 58263
IMAGE
1 26113U 00017A   15312.79524959 -.00000138 +00000-0 -64573-2 0  9994
2 26113 093.9408 244.1675 7555203 016.1554 119.4067 01.68641082096184
TDRS 8
1 26388U 00034A   15312.79541663 -.00000225 +00000-0 +00000-0 0  9997
2 26388 006.4707 061.2593 0006165 160.7134 201.2843 01.00272593056346
AMC-7 (GE-7)
1 26495U 00054B   15313.40246213  .00000088  00000-0  00000+0 0  9995
2 26495   0.0406  74.5032 0002686 174.1858 169.4664  1.00270546 55422
NOAA 16
1 26536U 00055A   15313.52928474  .00000115  00000-0  85309-4 0  9992
2 26536  98.9270  19.2522 0010631 176.2207 183.9047 14.13114707780181
NSS 11 (AAP-1)
1 26554U 00059A   15312.50433481 -.00000347  00000-0  00000+0 0  9990
2 26554   0.0438  74.0266 0000957 118.1359 144.9936  1.00272290 55350
INTELSAT 1R (PAS 1R)
1 26608U 00072A   15313.36889264 -.00000282  00000-0  00000+0 0  9992
2 26608   0.0158 268.0128 0000567 129.5710  93.4665  1.00271518 54825
AMC-8 (GE-8)
1 26639U 00081B   15312.60404462 +.00000103 +00000-0 +00000-0 0  9997
2 26639 000.0559 076.6867 0002357 148.2248 261.0360 01.00273211054524
TDRS 9
1 27389U 02011A   15312.31655584 -.00000095 +00000-0 +00000-0 0  9997
2 27389 004.0433 087.7488 0018370 209.0784 212.4457 01.00272485051602
AQUA
1 27424U 02022A   15312.86810116 +.00000503 +00000-0 +12161-3 0  9990
2 27424 098.2090 251.5766 0001898 097.4122 330.5728 14.57120208718848
TDRS 10
1 27566U 02055A   15313.23646005  .00000084  00000-0  00000+0 0  9998
2 27566   3.9988  61.0511 0010134 199.4669  58.3355  1.00275048 47391
TDRS 11
1 39070U 13004A   15312.25868555  .00000080  00000-0  00000+0 0  9990
2 39070   6.0970 329.6066 0011298 265.5304  94.1979  1.00264285 10144
OCO 2                   
1 40059U 14035A   15119.95808237  .00000594  00000-0  14181-3 0  9996
2 40059  98.1883  61.7776 0000964  68.5989 291.5323 14.57148131 43923
SMAP                    
1 40376U 15003A   15120.79098259  .00000707  00000-0  14593-3 0  9996
2 40376  98.1230 128.8959 0001413  56.8338 303.3000 14.63345598 13055