00694
00733
00877
02802
03230
03597
03669
04327
04814
05118
05560
05730
06073
06153
06155
07004
08063
08459
10114
10967
11267
11574
11672
11849
12139
12465
12585
12904
13068
13154
13403
13819
14208
14372
14699
14819
14820
15354
15483
15494
15772
15945
16111
16182
16496
16792
16882
16908
17295
17567
17589
17590
17912
17973
18153
18187
18749
18958
19046
19120
19210
19257
19573
19574
19650
20261
20262
20323
20453
20465
20466
20511
20580
20625
20663
20666
20775
21088
21397
21422
21423
21574
21610
21819
21820
21876
21938
22220
22285
22286
22566
22626
22803
22830
23087
23088
23343
23405
23560
23561
23705
24298
24883
25400
25407
25544
25723
25732
25860
25861
25994
26874
27386
27422
27424
27432
27597
27601
28059
28222
28353
28480
28499
28738
28773
28931
28932
28939
29228
29252
29507
31114
31598
31789
31792
31793
33504
37820
39271