GOES 2
1 10061U 77048A   15311.92455488 -.00000185 +00000-0 +00000-0 0  9995
2 10061 013.9692 334.1019 0015722 289.2898 220.1542 00.99395329007769
METEOSAT 1
1 10489U 77108A   15311.57696713 -.00000134 +00000-0 +00000-0 0  9999
2 10489 013.1923 327.5267 0010774 325.5014 041.1938 01.00159919098361
GOES 5
1 12472U 81049A   15311.26452356  .00000071  00000-0  00000+0 0  9999
2 12472  14.7002 351.4188 0007235 207.5579 163.9547  1.00243933 84107
METEOSAT 2
1 12544U 81057A   15311.04429181  .00000014  00000-0  00000+0 0  9991
2 12544  15.2764 353.8896 0032567 272.2349  37.5733  0.98722473 85628
COSMOS 1383
1 13301U 82066A   15312.20114999  .00000051  00000-0  41160-4 0  9999
2 13301  82.9310 337.6972 0028226 145.1488 282.1212 13.68627228666057
COSMOS 1447
1 13916U 83021A   15312.20290560  .00000052  00000-0  38932-4 0  9996
2 13916  82.9459 348.7736 0037388 199.3012 224.0792 13.75020726636904
GOES 6
1 14050U 83041A   15312.30120830  .00000026  00000-0  00000+0 0  9992
2 14050  14.8148 356.2318 0005725 182.3336 209.3900  1.00237682177211
COSMOS 1574
1 15055U 84062A   15311.85854664  .00000039  00000-0  24687-4 0  9996
2 15055  82.9590  59.2232 0028343  52.9247  63.1477 13.74260467573589
NOAA 9
1 15427U 84123A   15312.48818769  .00000084  00000-0  64737-4 0  9993
2 15427  98.7339 254.6084 0014488 192.1441 278.2622 14.15915569595347
NOAA 10
1 16969U 86073A   15312.56424169  .00000079  00000-0  49170-4 0  9995
2 16969  98.4803 327.9246 0011880 194.8800 276.0896 14.27931013516715
GOES 7
1 17561U 87022A   15306.40874211 -.00000075  00000-0  00000+0 0  9993
2 17561  15.0109  12.1775 0003640 232.5181 199.3747  0.99891049 88225
METEOR 2-17
1 18820U 88005A   15312.17424568  .00000042  00000-0  23847-4 0  9993
2 18820  82.5425 169.3271 0016378 172.3267 306.8958 13.85374622404030
METEOSAT 3
1 19215U 88051A   15311.50935421 -.00000174 +00000-0 +00000-0 0  9993
2 19215 015.8818 014.8206 0005842 234.2610 130.4146 00.96948354085841
METEOR 3-2
1 19336U 88064A   15311.92083150 +.00000156 +00000-0 +37182-3 0  9993
2 19336 082.5453 193.5702 0016912 169.6478 318.2821 13.17164879311601
FENGYUN 1A
1 19467U 88080A   15311.89613433 +.00000293 +00000-0 +21726-3 0  9994
2 19467 099.0845 275.0217 0013397 245.0298 114.9477 14.03026643390566
NOAA 11
1 19531U 88089A   15312.22784724  .00000022  00000-0  32991-4 0  9992
2 19531  98.6320  21.1400 0010106 282.5749  77.4294 14.15168051399738
METEOR 2-18
1 19851U 89018A   15311.78336186  .00000056  00000-0  36180-4 0  9996
2 19851  82.5239  25.3898 0011810 224.5502 271.8615 13.85659842349424
METEOSAT 4 (MOP 1)
1 19876U 89020B   15310.90923928 -.00000157  00000-0  00000+0 0  9995
2 19876  15.6084  19.4068 0019397 115.1262 237.8026  0.97110208 75381
NADEZHDA 1
1 20103U 89050A   15311.93041120 +.00000041 +00000-0 +26288-4 0  9994
2 20103 082.9588 282.3346 0038870 112.5718 275.7425 13.74514081321188
METEOR 3-3
1 20305U 89086A   15311.90551889 -.00000282  00000-0 -91614-3 0  9995
2 20305  82.5504 266.7557 0005729 281.9202 131.1537 13.04612883241678
NADEZHDA 2
1 20508U 90017A   15312.39601834  .00000044  00000-0  30286-4 0  9999
2 20508  82.9581  55.0757 0045521  77.8447 348.1187 13.74213522288508
METEOR 2-19
1 20670U 90057A   15311.98930994  .00000054  00000-0  34613-4 0  9998
2 20670  82.5432 119.3668 0016401 161.7554 309.8763 13.84646451281746
FENGYUN 1B
1 20788U 90081A   15311.94210350 +.00000278 +00000-0 +20838-3 0  9999
2 20788 098.9121 342.7162 0015546 339.4614 020.5926 14.02625600288371
METEOR 2-20
1 20826U 90086A   15312.23763081  .00000060  00000-0  40812-4 0  9998
2 20826  82.5278  44.3316 0014664  94.9698 321.3817 13.84201618268554
METEOSAT 5 (MOP 2)
1 21140U 91015B   15312.46564207 -.00000008  00000-0  00000+0 0  9998
2 21140  14.6976  23.3610 0012455 183.3650  91.8400  0.98449300 92067
NADEZHDA 3
1 21152U 91019A   15312.91267821  .00000058  00000-0  44548-4 0  9991
2 21152  82.9244 295.9858 0043049  66.3347 320.8466 13.74191938236430
METEOR 3-4
1 21232U 91030A   15311.80271168 +.00000096 +00000-0 +21749-3 0  9998
2 21232 082.5457 044.6603 0014091 113.9764 000.5011 13.16611057179322
NOAA 12
1 21263U 91032A   15312.59492991  .00000060  00000-0  43691-4 0  9992
2 21263  98.6180 337.2510 0013553 189.4025 329.1391 14.25784715273144
METEOR 3-5
1 21655U 91056A   15311.94390940 -.00000016 +00000-0 -74166-4 0  9996
2 21655 082.5575 356.9541 0014482 103.5543 256.7194 13.17071210164712
NOAA 13
1 22739U 93050A   15312.16029627  .00000045  00000-0  47268-4 0  9995
2 22739  98.6463  13.0043 0010392  54.9746 324.4859 14.12627547146568
METEOR 2-21
1 22782U 93055A   15312.54796931  .00000055  00000-0  36371-4 0  9993
2 22782  82.5463 129.1269 0021194 276.7096 145.1916 13.83778289120562
METEOSAT 6
1 22912U 93073B   15312.34688424  .00000050  00000-0  00000+0 0  9993
2 22912  12.6682  33.1007 0008717 161.0733 216.0402  0.98981924 78652
METEOR 3-6
1 22969U 94003A   15311.93294366 -.00000134 +00000-0 -38019-3 0  9991
2 22969 082.5596 302.0859 0015208 170.0105 190.1323 13.16972784047268
GOES 8
1 23051U 94022A   15311.84489227 -.00000172 +00000-0 +00000-0 0  9994
2 23051 010.5864 044.7447 0009317 203.0029 106.2040 00.98907230085805
NADEZHDA 4
1 23179U 94041A   15312.31289043  .00000040  00000-0  25139-4 0  9990
2 23179  82.9495  22.9681 0036476 125.7632 300.8206 13.76507712 70950
OKEAN 4
1 23317U 94066A   15312.23945271  .00000926  00000-0  10068-3 0  9991
2 23317  82.5356 310.0943 0019234 208.1520 160.7105 14.86893991138712
NOAA 14
1 23455U 94089A   15312.55439419  .00000017  00000-0  31878-4 0  9990
2 23455  98.7436  30.9727 0010006  34.7591  78.9232 14.14057883 75938
GOES 9
1 23581U 95025A   15311.77985529 -.00000075 +00000-0 +00000-0 0  9996
2 23581 010.0983 043.8636 0004916 128.2739 256.2127 00.98798774074481
SICH 1
1 23657U 95046A   15312.85341839  .00000675  00000-0  75290-4 0  9995
2 23657  82.5264  91.4553 0021471 219.4829 140.4824 14.85400751 90422
GOES 10
1 24786U 97019A   15312.52629470 -.00000033  00000-0  00000+0 0  9996
2 24786   8.4083  48.0472 0031790 145.5347 242.6197  0.99124457 67663
FENGYUN 2A
1 24834U 97029A   15311.29061074 -.00000154 +00000-0 +00000-0 0  9999
2 24834 013.0152 036.6615 0102367 141.8818 255.7673 00.96050681066183
METEOSAT 7
1 24932U 97049B   15311.61986356 +.00000049 +00000-0 +00000-0 0  9997
2 24932 009.8895 042.8259 0001985 231.2747 053.3901 01.00278356066555
NOAA 15
1 25338U 98030A   15312.52284875  .00000112  00000-0  65969-4 0  9997
2 25338  98.7788 311.3043 0011650 107.7927 252.4524 14.25674277909402
RESURS O1-N4
1 25394U 98043A   15311.84919859 +.00000004 +00000-0 +19804-4 0  9991
2 25394 098.4845 261.8745 0001020 161.8571 224.5216 14.24460327900710
FENGYUN 1C
1 25730U 99025A   15312.51122890  .00000499  00000-0  28714-3 0  9999
2 25730  98.9554 277.4322 0021120  88.4917  21.2013 14.13684881849441
OKEAN O
1 25860U 99039A   15312.50845126  .00000513  00000-0  81755-4 0  9993
2 25860  98.1142 280.9588 0001062 108.0021   2.2905 14.76185957877271
GOES 11
1 26352U 00022A   15312.09359502  .00000067  00000-0  00000+0 0  9999
2 26352   3.7585  80.5474 0006364 120.9622 287.1505  0.99040796 56628
FENGYUN 2B
1 26382U 00032A   15311.08023412 +.00000108 +00000-0 +00000-0 0  9996
2 26382 009.1217 045.7433 0005355 191.3934 222.7039 01.00089710056144
NOAA 16
1 26536U 00055A   15312.53801292  .00000095  00000-0  74828-4 0  9991
2 26536  98.9272  18.2637 0010577 178.9471 181.1725 14.13114322780041
GOES 12
1 26871U 01031A   15312.53386966  .00000046  00000-0  00000+0 0  9996
2 26871   5.2564  64.7582 0009636 198.1199 190.8649  0.99137371 52332
METEOR 3M
1 27001U 01056A   15311.95726355 +.00000009 +00000-0 +60524-4 0  9995
2 27001 099.3238 098.1819 0014503 082.3418 024.5907 13.68792744694851
INSAT 3C
1 27298U 02002A   15312.59568464 -.00000078  00000-0  00000+0 0  9996
2 27298   0.0229  97.6514 0002824  89.7170 148.5203  1.00270305 50515
FENGYUN 1D
1 27431U 02024B   15312.53940144 -.00000011  00000-0  19024-4 0  9990
2 27431  98.9451 274.6609 0014593 299.1391 169.7972 14.09563777693755
NOAA 17
1 27453U 02032A   15312.52297979  .00000046  00000-0  37413-4 0  9992
2 27453  98.3562 291.4852 0012680 116.5861 243.6620 14.24906771695219
METEOSAT 8 (MSG 1)
1 27509U 02040B   15312.73756647  .00000020  00000-0  00000+0 0  9997
2 27509   3.8029  60.5511 0000869 219.2659  36.8712  1.00269680 48407
FENGYUN 2C
1 28451U 04042A   15311.86145527 -.00000085  00000-0  00000+0 0  9992
2 28451   6.3770  54.8398 0004108 229.3832 104.1866  0.98083180 40382
MTSAT 1R
1 28622U 05006A   15311.85783439 -.00000284  00000-0  00000+0 0  9993
2 28622   0.4922  86.6496 0003200 172.6612 236.2286  1.00273205 39166
NOAA 18
1 28654U 05018A   15312.52377391  .00000069  00000-0  62821-4 0  9996
2 28654  99.1930 308.7562 0013392 276.9789  82.9859 14.12245595539449
MTSAT 2
1 28937U 06004A   15311.92054497 -.00000246 +00000-0 +00000-0 0  9993
2 28937 000.0105 260.3565 0003618 320.9723 301.8978 01.00271362035644
METOP-A
1 29499U 06044A   15312.55030260  .00000084  00000-0  58332-4 0  9997
2 29499  98.7295   9.4341 0002178  82.5075  55.2449 14.21472092469797
FENGYUN 2D
1 29640U 06053A   15311.94840391 -.00000362 +00000-0 +10000-3 0  9990
2 29640 003.3557 067.3966 0000648 087.7815 356.3311 01.00262007032710
FENGYUN 3A
1 32958U 08026A   15312.53080274  .00000040  00000-0  38863-4 0  9990
2 32958  98.4846 357.2171 0009527 177.1866 182.9369 14.19584686386101
FENGYUN 2E
1 33463U 08066A   15311.98889005 -.00000206 +00000-0 +00000-0 0  9996
2 33463 002.8565 059.1941 0003534 192.8506 237.6672 01.00272737025247
NOAA 19
1 33591U 09005A   15312.51277249  .00000197  00000-0  13201-3 0  9991
2 33591  99.0083 262.8572 0014797 120.9140 239.3488 14.11998957347857
FENGYUN 3B
1 37214U 10059A   15312.48037426  .00000076  00000-0  61132-4 0  9998
2 37214  98.8104 264.0637 0017411  13.1981 346.9650 14.15781264259529
FENGYUN 2F
1 38049U 12002A   15311.94512078 -.00000361 +00000-0 +00000-0 0  9997
2 38049 000.5447 068.2283 0000909 229.0618 201.6811 01.00281974014041
METOP-B
1 38771U 12049A   15311.95330009 +.00000070 +00000-0 +51802-4 0  9999
2 38771 098.6803 009.6519 0001809 116.8963 009.0927 14.21504711162859
